b3 0.527 255.0 47.0 22.0 11.0 -90.0
b5 0.868 176.0 273.0 8.0 31.0 -87.0
b5 0.816 176.0 257.0 8.0 32.0 -87.0
b5 0.770 161.0 255.0 23.0 10.0 -86.0
b5 0.761 176.0 256.0 34.0 6.0 -87.0
b5 0.760 176.0 289.0 8.0 31.0 -87.0
b5 0.685 192.0 304.0 8.0 31.0 -87.0
b5 0.633 352.0 129.0 8.0 30.0 -86.0
b5 0.588 224.0 416.0 8.0 30.0 -86.0
b5 0.544 224.0 416.0 34.0 6.0 -86.0
b5 0.528 208.0 288.0 8.0 32.0 -88.0
b8 0.627 255.0 384.0 22.0 10.0 -89.0
b8 0.615 255.0 415.0 23.0 10.0 -90.0
b8 0.614 255.0 400.0 22.0 10.0 -89.0
b8 0.544 288.0 144.0 35.0 6.0 -89.0
b8 0.527 304.0 144.0 35.0 6.0 -89.0
