b2 0.685 270.0 96.0 22.0 12.0 -89.0
b2 0.680 241.0 175.0 41.0 6.0 -89.0
b2 0.633 255.0 160.0 36.0 7.0 -90.0
b2 0.624 254.0 80.0 23.0 11.0 -90.0
b2 0.583 271.0 176.0 35.0 7.0 -89.0
b2 0.560 223.0 176.0 37.0 7.0 -89.0
b2 0.551 287.0 175.0 23.0 11.0 -88.0
b2 0.506 270.0 79.0 22.0 11.0 -90.0
b3 0.564 111.0 303.0 23.0 10.0 -90.0
b5 0.650 320.0 175.0 22.0 11.0 -89.0
b5 0.604 304.0 175.0 23.0 11.0 -88.0
b5 0.580 431.0 336.0 22.0 11.0 -88.0
b5 0.536 112.0 352.0 35.0 6.0 -88.0
b5 0.510 176.0 384.0 37.0 6.0 -87.0
b8 0.779 256.0 192.0 33.0 6.0 -88.0
b8 0.765 271.0 192.0 34.0 6.0 -88.0
b8 0.707 255.0 191.0 8.0 31.0 -87.0
b8 0.580 191.0 384.0 35.0 6.0 -91.0
b8 0.529 206.0 368.0 33.0 6.0 -90.0
b8 0.514 192.0 335.0 21.0 11.0 -90.0
b8 0.508 223.0 367.0 34.0 6.0 -90.0
