b4 0.833 303.0 415.0 17.0 15.0 -93.0
b4 0.828 303.0 399.0 17.0 15.0 -92.0
b4 0.780 319.0 383.0 17.0 15.0 -91.0
b4 0.768 319.0 415.0 17.0 15.0 -93.0
b4 0.758 289.0 383.0 50.0 21.0 -91.0
b4 0.738 319.0 399.0 17.0 15.0 -92.0
b4 0.693 447.0 383.0 16.0 15.0 -92.0
b4 0.669 271.0 383.0 17.0 16.0 -91.0
b4 0.657 95.0 303.0 34.0 31.0 -91.0
b4 0.656 444.0 369.0 34.0 31.0 -93.0
b4 0.654 175.0 288.0 49.0 21.0 -90.0
b4 0.630 191.0 303.0 50.0 21.0 -91.0
b4 0.624 289.0 224.0 51.0 21.0 -90.0
b4 0.611 271.0 367.0 18.0 17.0 -90.0
b4 0.601 318.0 366.0 34.0 34.0 -90.0
b4 0.592 334.0 417.0 34.0 32.0 -93.0
b4 0.592 333.0 175.0 34.0 33.0 -92.0
b4 0.585 430.0 352.0 36.0 32.0 -92.0
b4 0.562 111.0 319.0 50.0 21.0 -91.0
b4 0.559 159.0 288.0 49.0 22.0 -90.0
b4 0.558 319.0 190.0 17.0 15.0 -92.0
b4 0.556 175.0 318.0 17.0 15.0 -91.0
b4 0.545 255.0 159.0 50.0 21.0 -92.0
b4 0.544 305.0 223.0 51.0 21.0 -91.0
b4 0.534 273.0 224.0 50.0 21.0 -91.0
b4 0.532 270.0 48.0 32.0 33.0 -91.0
b4 0.526 300.0 313.0 137.0 391.0 -91.0
b4 0.518 270.0 447.0 35.0 8.0 -93.0
b4 0.516 199.0 320.0 436.0 127.0 -91.0
b4 0.506 271.0 335.0 35.0 8.0 -91.0
b4 0.504 207.0 288.0 50.0 22.0 -91.0
b4 0.501 292.0 287.0 445.0 130.0 -91.0
b5 0.531 223.0 303.0 17.0 16.0 -88.0
b5 0.511 223.0 287.0 16.0 16.0 -88.0
