b2 0.556 223.0 303.0 17.0 16.0 -91.0
b2 0.556 321.0 143.0 47.0 23.0 -90.0
b4 0.717 266.0 368.0 95.0 45.0 -91.0
b4 0.655 271.0 415.0 32.0 33.0 -91.0
b4 0.654 239.0 351.0 16.0 16.0 -90.0
b4 0.650 282.0 209.0 95.0 45.0 -91.0
b4 0.626 192.0 320.0 47.0 22.0 -90.0
b4 0.615 176.0 272.0 31.0 34.0 -91.0
b4 0.614 287.0 368.0 47.0 22.0 -90.0
b4 0.609 255.0 208.0 32.0 33.0 -91.0
b4 0.607 175.0 305.0 32.0 33.0 -90.0
b4 0.588 272.0 256.0 47.0 22.0 -90.0
b4 0.572 223.0 383.0 16.0 16.0 -90.0
b4 0.563 250.0 379.0 136.0 267.0 -91.0
b4 0.562 224.0 400.0 32.0 35.0 -90.0
b4 0.557 206.0 350.0 150.0 26.0 -90.0
b4 0.553 329.0 159.0 94.0 44.0 -90.0
b4 0.536 191.0 287.0 31.0 35.0 -91.0
b4 0.526 223.0 433.0 32.0 33.0 -90.0
b4 0.520 257.0 240.0 48.0 22.0 -91.0
b4 0.517 208.0 112.0 11.0 21.0 -89.0
b4 0.509 368.0 144.0 47.0 22.0 -90.0
