b3 0.614 369.0 144.0 42.0 22.0 -90.0
b3 0.605 384.0 159.0 43.0 23.0 -89.0
b3 0.577 142.0 143.0 29.0 9.0 -90.0
b3 0.574 351.0 159.0 43.0 22.0 -90.0
b3 0.526 127.0 143.0 30.0 9.0 -90.0
b4 0.761 368.0 112.0 51.0 22.0 -93.0
b4 0.719 126.0 111.0 34.0 9.0 -92.0
b4 0.701 145.0 112.0 50.0 22.0 -92.0
b4 0.689 351.0 112.0 34.0 9.0 -91.0
b4 0.517 128.0 128.0 51.0 23.0 -93.0
b4 0.509 382.0 128.0 34.0 8.0 -93.0
b4 0.503 160.0 112.0 50.0 23.0 -92.0
b7 0.713 254.0 223.0 16.0 18.0 -91.0
b7 0.594 272.0 224.0 47.0 23.0 -90.0
b7 0.558 269.0 207.0 32.0 9.0 -91.0
b7 0.533 255.0 206.0 16.0 18.0 -91.0
b7 0.516 239.0 207.0 16.0 18.0 -90.0
