b2 0.567 255.0 159.0 31.0 36.0 -89.0
b2 0.523 239.0 319.0 16.0 16.0 -89.0
b4 0.697 207.0 258.0 31.0 33.0 -92.0
b4 0.662 271.0 126.0 16.0 16.0 -91.0
b4 0.640 206.0 288.0 31.0 35.0 -92.0
b4 0.637 272.0 95.0 48.0 23.0 -90.0
b4 0.625 256.0 96.0 49.0 23.0 -90.0
b4 0.613 256.0 129.0 33.0 34.0 -90.0
b4 0.596 241.0 113.0 33.0 35.0 -90.0
b4 0.585 223.0 272.0 31.0 34.0 -92.0
b4 0.576 304.0 224.0 46.0 21.0 -91.0
b4 0.538 287.0 111.0 16.0 16.0 -90.0
b4 0.529 223.0 287.0 16.0 17.0 -91.0
b4 0.528 207.0 239.0 16.0 64.0 -91.0
b4 0.523 191.0 262.0 33.0 139.0 -91.0
b4 0.517 273.0 240.0 48.0 22.0 -91.0
