b2 0.821 288.0 448.0 33.0 34.0 -90.0
b2 0.795 288.0 431.0 34.0 9.0 -92.0
b2 0.791 402.0 288.0 47.0 23.0 -90.0
b2 0.757 82.0 191.0 32.0 36.0 -89.0
b2 0.733 433.0 384.0 47.0 23.0 -89.0
b2 0.712 417.0 384.0 47.0 23.0 -89.0
b2 0.698 161.0 384.0 49.0 23.0 -89.0
b2 0.672 273.0 432.0 47.0 23.0 -91.0
b2 0.666 146.0 384.0 48.0 22.0 -89.0
b2 0.605 305.0 128.0 48.0 23.0 -91.0
b2 0.604 64.0 208.0 32.0 35.0 -88.0
b2 0.602 304.0 447.0 32.0 8.0 -90.0
b2 0.602 64.0 335.0 32.0 8.0 -88.0
b2 0.577 111.0 191.0 16.0 16.0 -89.0
b2 0.552 256.0 447.0 49.0 23.0 -90.0
b2 0.548 287.0 463.0 16.0 65.0 -90.0
b2 0.540 417.0 272.0 47.0 23.0 -90.0
b2 0.509 177.0 384.0 50.0 23.0 -88.0
b4 0.560 257.0 417.0 46.0 22.0 -93.0
b4 0.553 271.0 415.0 16.0 15.0 -94.0
b8 0.561 66.0 368.0 45.0 22.0 -89.0
b8 0.501 50.0 352.0 45.0 23.0 -90.0
