b2 0.586 96.0 416.0 45.0 23.0 -89.0
b8 0.805 321.0 384.0 45.0 21.0 -89.0
b8 0.797 290.0 400.0 45.0 22.0 -90.0
b8 0.795 307.0 384.0 46.0 21.0 -89.0
b8 0.770 274.0 400.0 45.0 21.0 -89.0
b8 0.741 337.0 384.0 45.0 22.0 -90.0
b8 0.684 352.0 368.0 47.0 21.0 -89.0
b8 0.682 129.0 415.0 47.0 22.0 -89.0
b8 0.681 144.0 416.0 46.0 22.0 -89.0
b8 0.651 257.0 400.0 46.0 21.0 -89.0
b8 0.593 176.0 384.0 46.0 21.0 -89.0
b8 0.591 369.0 368.0 47.0 21.0 -89.0
b8 0.559 160.0 400.0 47.0 21.0 -89.0
b8 0.544 110.0 415.0 73.0 14.0 -90.0
b8 0.537 321.0 332.0 58.0 285.0 -89.0
