b2 0.537 143.0 287.0 17.0 17.0 -91.0
b4 0.832 224.0 384.0 32.0 35.0 -92.0
b4 0.717 207.0 401.0 33.0 36.0 -92.0
b4 0.690 369.0 160.0 48.0 22.0 -92.0
b4 0.690 417.0 176.0 47.0 21.0 -90.0
b4 0.640 353.0 160.0 48.0 22.0 -91.0
b4 0.629 433.0 176.0 46.0 21.0 -90.0
b4 0.623 194.0 383.0 47.0 23.0 -91.0
b4 0.611 402.0 159.0 47.0 22.0 -92.0
b4 0.607 337.0 176.0 48.0 22.0 -91.0
b4 0.595 192.0 335.0 32.0 35.0 -90.0
b4 0.540 321.0 176.0 48.0 22.0 -90.0
b4 0.525 256.0 224.0 31.0 34.0 -92.0
b4 0.519 384.0 144.0 31.0 32.0 -92.0
