b2 0.548 207.0 271.0 17.0 17.0 -91.0
b2 0.525 207.0 255.0 16.0 16.0 -92.0
b2 0.515 223.0 223.0 17.0 15.0 -92.0
b4 0.823 255.0 382.0 18.0 17.0 -93.0
b4 0.678 273.0 367.0 50.0 23.0 -93.0
b4 0.630 240.0 369.0 33.0 35.0 -93.0
b4 0.604 257.0 176.0 51.0 23.0 -91.0
b4 0.599 289.0 128.0 31.0 34.0 -91.0
b4 0.579 337.0 144.0 48.0 22.0 -90.0
b4 0.561 240.0 176.0 48.0 23.0 -90.0
b4 0.534 240.0 351.0 34.0 8.0 -92.0
b4 0.520 143.0 256.0 32.0 33.0 -89.0
b4 0.510 272.0 160.0 33.0 35.0 -92.0
b4 0.503 255.0 159.0 34.0 8.0 -91.0
b7 0.502 254.0 270.0 16.0 17.0 -90.0
