b4 0.704 112.0 271.0 47.0 23.0 -93.0
b4 0.676 415.0 206.0 16.0 17.0 -92.0
b4 0.616 127.0 254.0 31.0 34.0 -92.0
b4 0.589 143.0 270.0 32.0 34.0 -94.0
b4 0.585 128.0 303.0 47.0 23.0 -93.0
b4 0.585 383.0 207.0 17.0 65.0 -91.0
b4 0.576 191.0 287.0 16.0 16.0 -91.0
b4 0.572 111.0 191.0 17.0 17.0 -92.0
b4 0.540 96.0 255.0 47.0 22.0 -91.0
b4 0.540 111.0 207.0 16.0 17.0 -92.0
b4 0.525 97.0 191.0 32.0 33.0 -91.0
b4 0.522 272.0 240.0 32.0 35.0 -93.0
b4 0.520 432.0 207.0 47.0 22.0 -91.0
b4 0.509 411.0 224.0 95.0 44.0 -91.0
