b2 0.647 320.0 190.0 17.0 18.0 -92.0
b2 0.505 319.0 174.0 16.0 18.0 -91.0
b4 0.884 271.0 127.0 17.0 17.0 -94.0
b4 0.874 271.0 111.0 17.0 18.0 -93.0
b4 0.872 271.0 143.0 17.0 17.0 -94.0
b4 0.861 271.0 159.0 18.0 18.0 -92.0
b4 0.817 288.0 190.0 17.0 68.0 -95.0
b4 0.813 287.0 159.0 33.0 34.0 -93.0
b4 0.806 257.0 128.0 48.0 24.0 -92.0
b4 0.766 239.0 271.0 17.0 17.0 -93.0
b4 0.755 270.0 175.0 32.0 34.0 -92.0
b4 0.755 287.0 208.0 34.0 35.0 -94.0
b4 0.713 223.0 286.0 17.0 17.0 -94.0
b4 0.684 223.0 270.0 18.0 18.0 -93.0
b4 0.660 240.0 352.0 33.0 36.0 -92.0
b4 0.634 239.0 287.0 17.0 17.0 -93.0
b4 0.634 226.0 287.0 147.0 28.0 -92.0
b4 0.624 209.0 255.0 49.0 23.0 -91.0
b4 0.620 239.0 367.0 16.0 18.0 -92.0
b4 0.611 287.0 143.0 17.0 17.0 -94.0
b4 0.609 284.0 115.0 93.0 45.0 -92.0
b4 0.583 223.0 254.0 17.0 17.0 -92.0
b4 0.581 304.0 173.0 17.0 69.0 -94.0
b4 0.579 192.0 271.0 33.0 9.0 -91.0
b4 0.572 255.0 159.0 31.0 35.0 -91.0
b4 0.570 271.0 334.0 16.0 18.0 -92.0
b4 0.534 241.0 112.0 48.0 23.0 -91.0
