b4 0.803 384.0 320.0 47.0 22.0 -91.0
b4 0.775 369.0 320.0 47.0 22.0 -91.0
b4 0.738 112.0 191.0 31.0 34.0 -91.0
b4 0.705 143.0 207.0 32.0 33.0 -93.0
b4 0.677 354.0 320.0 47.0 22.0 -91.0
b4 0.622 95.0 206.0 16.0 63.0 -89.0
b4 0.619 351.0 255.0 17.0 16.0 -91.0
b4 0.613 241.0 96.0 48.0 23.0 -91.0
b4 0.596 157.0 208.0 76.0 13.0 -93.0
b4 0.576 207.0 111.0 16.0 16.0 -90.0
b4 0.576 401.0 304.0 48.0 22.0 -90.0
b4 0.559 351.0 271.0 17.0 16.0 -92.0
b4 0.545 111.0 241.0 32.0 33.0 -90.0
b4 0.531 97.0 175.0 47.0 23.0 -90.0
b4 0.529 224.0 95.0 47.0 23.0 -90.0
b4 0.508 304.0 320.0 31.0 33.0 -91.0
