b4 0.895 335.0 271.0 32.0 33.0 -93.0
b4 0.892 353.0 272.0 48.0 23.0 -93.0
b4 0.839 335.0 287.0 16.0 16.0 -93.0
b4 0.783 335.0 255.0 17.0 17.0 -92.0
b4 0.696 206.0 160.0 71.0 14.0 -92.0
b4 0.639 161.0 144.0 47.0 23.0 -92.0
b4 0.623 353.0 304.0 49.0 22.0 -90.0
b4 0.592 288.0 352.0 46.0 22.0 -91.0
b4 0.540 256.0 368.0 31.0 36.0 -92.0
b4 0.536 224.0 176.0 31.0 34.0 -92.0
b4 0.530 368.0 255.0 47.0 24.0 -92.0
b4 0.513 319.0 256.0 33.0 35.0 -91.0
b4 0.511 313.0 336.0 97.0 45.0 -91.0
b4 0.504 143.0 159.0 34.0 33.0 -91.0
b8 0.572 143.0 107.0 16.0 65.0 -90.0
b8 0.535 161.0 127.0 44.0 23.0 -92.0
