b2 0.668 337.0 144.0 33.0 35.0 -90.0
b4 0.850 383.0 271.0 17.0 17.0 -93.0
b4 0.769 383.0 255.0 17.0 17.0 -93.0
b4 0.720 383.0 287.0 17.0 17.0 -92.0
b4 0.699 335.0 111.0 17.0 17.0 -89.0
b4 0.691 402.0 272.0 49.0 23.0 -92.0
b4 0.606 383.0 302.0 17.0 17.0 -91.0
b4 0.590 191.0 385.0 33.0 35.0 -93.0
b4 0.587 401.0 304.0 48.0 23.0 -93.0
b4 0.557 112.0 369.0 32.0 33.0 -90.0
b4 0.555 367.0 270.0 17.0 16.0 -92.0
b4 0.548 207.0 369.0 32.0 34.0 -92.0
b4 0.539 367.0 289.0 33.0 34.0 -90.0
b4 0.524 352.0 112.0 49.0 23.0 -89.0
b4 0.505 321.0 110.0 48.0 22.0 -89.0
b4 0.504 176.0 368.0 17.0 63.0 -93.0
