b4 0.736 383.0 95.0 17.0 17.0 -91.0
b4 0.712 367.0 95.0 17.0 17.0 -90.0
b4 0.694 367.0 111.0 17.0 16.0 -90.0
b4 0.691 338.0 207.0 47.0 23.0 -93.0
b4 0.686 160.0 239.0 47.0 22.0 -92.0
b4 0.666 369.0 224.0 48.0 22.0 -91.0
b4 0.660 384.0 223.0 47.0 22.0 -90.0
b4 0.646 177.0 239.0 46.0 22.0 -92.0
b4 0.629 145.0 240.0 46.0 22.0 -92.0
b4 0.586 352.0 224.0 48.0 22.0 -92.0
b4 0.571 352.0 112.0 33.0 34.0 -90.0
b4 0.566 291.0 352.0 51.0 24.0 -93.0
b4 0.566 175.0 223.0 33.0 8.0 -90.0
b4 0.561 383.0 79.0 16.0 16.0 -90.0
b4 0.549 208.0 240.0 31.0 34.0 -92.0
b4 0.503 352.0 143.0 32.0 33.0 -90.0
b4 0.503 321.0 192.0 30.0 34.0 -92.0
b4 0.501 192.0 223.0 32.0 34.0 -90.0
