b4 0.840 319.0 335.0 17.0 15.0 -89.0
b4 0.829 191.0 335.0 17.0 16.0 -90.0
b4 0.801 383.0 255.0 17.0 15.0 -88.0
b4 0.791 319.0 351.0 17.0 15.0 -89.0
b4 0.756 399.0 255.0 17.0 15.0 -89.0
b4 0.755 335.0 335.0 17.0 15.0 -90.0
b4 0.749 175.0 335.0 17.0 16.0 -90.0
b4 0.745 383.0 239.0 17.0 15.0 -88.0
b4 0.726 335.0 351.0 17.0 15.0 -90.0
b4 0.704 399.0 239.0 17.0 15.0 -89.0
b4 0.688 334.0 367.0 34.0 7.0 -90.0
b4 0.685 175.0 351.0 17.0 15.0 -91.0
b4 0.679 319.0 63.0 17.0 16.0 -91.0
b4 0.663 191.0 319.0 17.0 16.0 -90.0
b4 0.637 319.0 367.0 33.0 7.0 -90.0
b4 0.636 317.0 47.0 33.0 33.0 -91.0
b4 0.630 335.0 319.0 17.0 15.0 -90.0
b4 0.578 383.0 175.0 17.0 15.0 -90.0
b4 0.571 159.0 351.0 16.0 16.0 -91.0
b4 0.560 383.0 271.0 16.0 15.0 -89.0
b4 0.560 127.0 271.0 49.0 22.0 -90.0
b4 0.558 240.0 448.0 50.0 24.0 -93.0
b4 0.552 111.0 255.0 49.0 22.0 -90.0
b4 0.542 334.0 63.0 48.0 23.0 -91.0
b4 0.518 156.0 352.0 94.0 45.0 -91.0
b4 0.515 303.0 351.0 17.0 15.0 -90.0
b4 0.509 394.0 239.0 97.0 43.0 -89.0
