b2 0.553 255.0 79.0 16.0 17.0 -92.0
b4 0.915 223.0 303.0 17.0 17.0 -94.0
b4 0.689 255.0 271.0 35.0 8.0 -93.0
b4 0.676 272.0 272.0 48.0 24.0 -94.0
b4 0.666 207.0 300.0 34.0 127.0 -92.0
b4 0.613 208.0 320.0 49.0 24.0 -93.0
b4 0.567 191.0 159.0 17.0 16.0 -92.0
b4 0.542 222.0 145.0 32.0 33.0 -92.0
b4 0.528 159.0 255.0 17.0 16.0 -93.0
b8 0.614 128.0 191.0 46.0 23.0 -88.0
b8 0.594 318.0 62.0 66.0 65.0 -89.0
b8 0.572 303.0 95.0 16.0 16.0 -89.0
b8 0.567 400.0 191.0 46.0 23.0 -88.0
b8 0.547 383.0 191.0 33.0 8.0 -88.0
b8 0.515 281.0 62.0 144.0 26.0 -88.0
b8 0.504 111.0 207.0 45.0 24.0 -87.0
b8 0.503 250.0 77.0 143.0 26.0 -88.0
