b2 0.904 239.0 386.0 13.0 80.0 -88.0
b2 0.892 159.0 335.0 17.0 15.0 -87.0
b2 0.871 239.0 370.0 13.0 81.0 -87.0
b2 0.826 239.0 404.0 13.0 82.0 -88.0
b2 0.793 239.0 353.0 13.0 80.0 -87.0
b2 0.778 79.0 207.0 16.0 15.0 -88.0
b2 0.755 239.0 337.0 13.0 80.0 -87.0
b2 0.700 240.0 321.0 13.0 80.0 -87.0
b2 0.659 95.0 207.0 16.0 15.0 -89.0
b2 0.651 159.0 333.0 13.0 77.0 -88.0
b2 0.616 175.0 164.0 13.0 77.0 -89.0
b2 0.598 367.0 256.0 16.0 16.0 -89.0
b2 0.580 352.0 240.0 7.0 37.0 -90.0
b2 0.554 175.0 178.0 13.0 78.0 -89.0
b2 0.546 159.0 319.0 17.0 15.0 -89.0
b2 0.538 159.0 351.0 12.0 77.0 -88.0
b2 0.522 159.0 148.0 13.0 78.0 -87.0
b2 0.519 159.0 129.0 13.0 77.0 -87.0
b2 0.503 336.0 111.0 28.0 9.0 -88.0
b7 0.591 256.0 448.0 17.0 16.0 -88.0
