b2 0.608 351.0 160.0 16.0 16.0 -90.0
b2 0.606 367.0 159.0 16.0 15.0 -89.0
b2 0.578 256.0 288.0 7.0 36.0 -90.0
b2 0.576 351.0 144.0 16.0 16.0 -90.0
b2 0.545 367.0 175.0 16.0 16.0 -89.0
b2 0.545 351.0 176.0 16.0 15.0 -89.0
b2 0.524 383.0 159.0 16.0 15.0 -90.0
b2 0.507 241.0 290.0 92.0 46.0 -90.0
b2 0.503 241.0 288.0 28.0 9.0 -90.0
b4 0.834 255.0 255.0 16.0 15.0 -92.0
b4 0.811 255.0 238.0 5.0 41.0 -91.0
b4 0.771 240.0 255.0 7.0 37.0 -91.0
b4 0.726 270.0 224.0 16.0 16.0 -90.0
b4 0.705 238.0 240.0 16.0 15.0 -90.0
b4 0.685 240.0 270.0 7.0 37.0 -92.0
b4 0.642 255.0 223.0 5.0 43.0 -89.0
b4 0.548 219.0 238.0 93.0 46.0 -90.0
b4 0.509 255.0 249.0 23.0 181.0 -91.0
b7 0.766 256.0 421.0 12.0 85.0 -87.0
b7 0.673 239.0 352.0 29.0 9.0 -86.0
b7 0.542 239.0 320.0 28.0 10.0 -88.0
b7 0.542 272.0 435.0 12.0 80.0 -89.0
b7 0.531 240.0 381.0 188.0 98.0 -88.0
b7 0.506 239.0 112.0 5.0 47.0 -89.0
