b2 0.677 239.0 303.0 16.0 15.0 -89.0
b2 0.635 239.0 288.0 12.0 78.0 -90.0
b2 0.633 223.0 256.0 16.0 15.0 -90.0
b2 0.601 239.0 288.0 16.0 16.0 -90.0
b2 0.585 224.0 272.0 12.0 77.0 -90.0
b2 0.562 239.0 192.0 16.0 16.0 -91.0
b2 0.544 272.0 192.0 12.0 77.0 -91.0
b2 0.527 240.0 303.0 12.0 78.0 -89.0
b2 0.511 272.0 208.0 12.0 78.0 -91.0
b2 0.508 288.0 160.0 20.0 47.0 -90.0
b2 0.507 208.0 239.0 12.0 74.0 -89.0
b7 0.737 256.0 371.0 13.0 83.0 -88.0
b7 0.695 256.0 355.0 12.0 87.0 -89.0
b7 0.599 256.0 386.0 12.0 83.0 -89.0
