b2 0.525 176.0 176.0 17.0 15.0 -91.0
b2 0.502 256.0 288.0 7.0 36.0 -90.0
b4 0.831 255.0 254.0 5.0 41.0 -93.0
b4 0.814 255.0 238.0 5.0 41.0 -92.0
b4 0.800 271.0 240.0 16.0 16.0 -91.0
b4 0.728 256.0 270.0 7.0 36.0 -94.0
b4 0.606 80.0 174.0 13.0 71.0 -92.0
b4 0.603 80.0 190.0 13.0 73.0 -91.0
b4 0.586 65.0 209.0 21.0 44.0 -90.0
b4 0.571 80.0 158.0 7.0 34.0 -92.0
b4 0.570 78.0 191.0 17.0 15.0 -92.0
b4 0.565 447.0 208.0 5.0 42.0 -91.0
b4 0.540 431.0 191.0 18.0 15.0 -92.0
b4 0.539 79.0 175.0 17.0 14.0 -92.0
b4 0.529 351.0 80.0 17.0 15.0 -91.0
b4 0.527 271.0 224.0 16.0 16.0 -90.0
b4 0.524 63.0 191.0 17.0 14.0 -91.0
b4 0.522 319.0 80.0 16.0 15.0 -92.0
b4 0.512 287.0 240.0 16.0 16.0 -89.0
b4 0.504 63.0 224.0 13.0 74.0 -90.0
b4 0.502 431.0 207.0 17.0 15.0 -91.0
b7 0.585 239.0 368.0 29.0 9.0 -87.0
