b4 0.868 256.0 192.0 16.0 15.0 -91.0
b4 0.851 257.0 224.0 28.0 9.0 -93.0
b4 0.840 242.0 224.0 28.0 9.0 -93.0
b4 0.827 256.0 223.0 7.0 35.0 -93.0
b4 0.812 272.0 192.0 16.0 15.0 -91.0
b4 0.739 273.0 224.0 28.0 9.0 -92.0
b4 0.679 288.0 192.0 16.0 16.0 -91.0
b4 0.641 256.0 239.0 7.0 37.0 -92.0
b4 0.631 127.0 144.0 17.0 15.0 -91.0
b4 0.611 143.0 128.0 17.0 15.0 -91.0
b4 0.609 367.0 128.0 17.0 15.0 -91.0
b4 0.592 288.0 208.0 16.0 16.0 -91.0
b4 0.553 383.0 144.0 17.0 15.0 -91.0
b4 0.551 143.0 144.0 17.0 15.0 -91.0
b4 0.548 224.0 223.0 7.0 35.0 -91.0
b4 0.534 270.0 219.0 177.0 93.0 -91.0
b4 0.512 159.0 128.0 17.0 16.0 -90.0
b4 0.511 355.0 143.0 83.0 11.0 -91.0
b7 0.766 256.0 368.0 13.0 83.0 -86.0
b7 0.672 256.0 352.0 13.0 82.0 -87.0
b7 0.588 432.0 144.0 30.0 10.0 -89.0
b7 0.551 95.0 128.0 17.0 17.0 -88.0
b7 0.534 448.0 158.0 13.0 79.0 -89.0
b7 0.534 447.0 143.0 13.0 78.0 -89.0
b7 0.516 383.0 111.0 5.0 48.0 -88.0
