b2 0.633 79.0 112.0 16.0 14.0 -88.0
b2 0.607 95.0 127.0 16.0 15.0 -88.0
b2 0.568 95.0 112.0 5.0 43.0 -88.0
b2 0.525 335.0 112.0 6.0 41.0 -88.0
b4 0.837 127.0 303.0 17.0 15.0 -90.0
b4 0.787 399.0 271.0 6.0 42.0 -91.0
b4 0.778 111.0 287.0 17.0 15.0 -91.0
b4 0.774 384.0 300.0 13.0 75.0 -90.0
b4 0.768 380.0 287.0 65.0 16.0 -91.0
b4 0.744 143.0 303.0 17.0 15.0 -90.0
b4 0.735 127.0 286.0 6.0 41.0 -91.0
b4 0.735 415.0 288.0 17.0 15.0 -90.0
b4 0.703 367.0 127.0 17.0 15.0 -92.0
b4 0.700 384.0 319.0 13.0 75.0 -90.0
b4 0.690 399.0 255.0 5.0 44.0 -90.0
b4 0.678 383.0 112.0 16.0 15.0 -93.0
b4 0.658 414.0 272.0 17.0 15.0 -91.0
b4 0.650 112.0 268.0 17.0 54.0 -91.0
b4 0.625 144.0 320.0 13.0 75.0 -89.0
b4 0.617 143.0 128.0 17.0 15.0 -92.0
b4 0.608 240.0 240.0 7.0 35.0 -91.0
b4 0.598 400.0 127.0 17.0 15.0 -92.0
b4 0.597 383.0 128.0 17.0 15.0 -93.0
b4 0.597 400.0 112.0 16.0 15.0 -92.0
b4 0.590 256.0 208.0 16.0 15.0 -91.0
b4 0.566 127.0 112.0 16.0 15.0 -93.0
b4 0.559 143.0 112.0 16.0 15.0 -93.0
b4 0.552 112.0 303.0 13.0 75.0 -90.0
b4 0.528 175.0 127.0 17.0 15.0 -90.0
b4 0.503 112.0 252.0 17.0 54.0 -91.0
b7 0.865 256.0 416.0 16.0 17.0 -86.0
b7 0.691 239.0 416.0 28.0 10.0 -87.0
b7 0.590 47.0 273.0 5.0 46.0 -89.0
b7 0.527 79.0 96.0 6.0 49.0 -88.0
b7 0.513 319.0 128.0 16.0 16.0 -89.0
b7 0.512 320.0 114.0 13.0 80.0 -89.0
b7 0.507 47.0 256.0 5.0 45.0 -89.0
