b4 0.789 367.0 303.0 17.0 15.0 -91.0
b4 0.695 383.0 111.0 16.0 15.0 -93.0
b4 0.674 414.0 271.0 16.0 15.0 -91.0
b4 0.665 368.0 315.0 13.0 73.0 -90.0
b4 0.646 240.0 240.0 7.0 35.0 -91.0
b4 0.635 400.0 112.0 16.0 15.0 -93.0
b4 0.622 368.0 336.0 13.0 76.0 -90.0
b4 0.611 143.0 112.0 16.0 14.0 -92.0
b4 0.598 80.0 111.0 8.0 34.0 -92.0
b4 0.593 47.0 272.0 17.0 15.0 -91.0
b4 0.588 368.0 301.0 12.0 73.0 -90.0
b4 0.582 256.0 208.0 16.0 15.0 -91.0
b4 0.563 144.0 352.0 13.0 78.0 -89.0
b4 0.555 272.0 208.0 16.0 15.0 -91.0
b4 0.539 351.0 303.0 16.0 14.0 -90.0
b4 0.538 383.0 127.0 16.0 15.0 -92.0
b4 0.525 80.0 127.0 12.0 73.0 -90.0
b4 0.511 48.0 286.0 13.0 73.0 -90.0
b7 0.701 256.0 401.0 12.0 82.0 -87.0
b7 0.657 256.0 385.0 12.0 80.0 -87.0
b7 0.634 239.0 416.0 28.0 10.0 -88.0
b7 0.614 272.0 418.0 12.0 80.0 -88.0
