b2 0.539 335.0 80.0 17.0 14.0 -91.0
b2 0.532 336.0 64.0 29.0 9.0 -90.0
b2 0.522 336.0 160.0 18.0 15.0 -90.0
b2 0.510 336.0 99.0 13.0 74.0 -91.0
b4 0.892 255.0 222.0 5.0 41.0 -91.0
b4 0.877 271.0 224.0 16.0 16.0 -91.0
b4 0.862 271.0 240.0 16.0 15.0 -92.0
b4 0.854 239.0 238.0 6.0 41.0 -92.0
b4 0.821 256.0 254.0 7.0 36.0 -94.0
b4 0.662 79.0 160.0 17.0 15.0 -91.0
b4 0.628 431.0 159.0 17.0 15.0 -91.0
b4 0.627 79.0 143.0 18.0 15.0 -92.0
b4 0.615 175.0 63.0 16.0 15.0 -93.0
b4 0.579 271.0 208.0 16.0 16.0 -90.0
b4 0.564 256.0 271.0 7.0 38.0 -93.0
b4 0.550 175.0 79.0 16.0 15.0 -94.0
b4 0.510 287.0 224.0 16.0 16.0 -89.0
b7 0.500 63.0 127.0 6.0 49.0 -89.0
