b2 0.663 335.0 240.0 16.0 15.0 -89.0
b2 0.563 192.0 128.0 27.0 9.0 -89.0
b2 0.518 175.0 129.0 5.0 44.0 -89.0
b2 0.511 175.0 128.0 28.0 9.0 -89.0
b2 0.508 318.0 319.0 16.0 16.0 -90.0
b4 0.889 288.0 369.0 13.0 78.0 -89.0
b4 0.853 304.0 386.0 13.0 79.0 -90.0
b4 0.843 288.0 402.0 13.0 80.0 -89.0
b4 0.789 304.0 353.0 13.0 76.0 -90.0
b4 0.738 286.0 351.0 16.0 15.0 -89.0
b4 0.699 288.0 417.0 13.0 77.0 -89.0
b4 0.628 304.0 337.0 13.0 77.0 -90.0
b4 0.518 286.0 335.0 16.0 16.0 -89.0
b7 0.589 277.0 449.0 98.0 49.0 -89.0
b7 0.517 288.0 436.0 13.0 83.0 -88.0
