b2 0.632 223.0 176.0 5.0 44.0 -89.0
b2 0.609 239.0 175.0 83.0 11.0 -90.0
b2 0.573 303.0 353.0 6.0 42.0 -90.0
b2 0.543 287.0 353.0 17.0 14.0 -90.0
b2 0.540 224.0 191.0 7.0 35.0 -90.0
b2 0.521 191.0 192.0 17.0 15.0 -90.0
b2 0.521 272.0 116.0 13.0 74.0 -91.0
b4 0.693 287.0 367.0 5.0 41.0 -94.0
b4 0.600 288.0 385.0 13.0 75.0 -92.0
b4 0.574 288.0 400.0 13.0 75.0 -92.0
b7 0.855 303.0 446.0 5.0 46.0 -89.0
b7 0.837 288.0 451.0 12.0 83.0 -89.0
b7 0.543 304.0 417.0 12.0 83.0 -88.0
b7 0.536 113.0 192.0 29.0 10.0 -91.0
