b2 0.673 175.0 128.0 16.0 16.0 -91.0
b2 0.589 159.0 128.0 16.0 16.0 -92.0
b2 0.565 335.0 111.0 16.0 16.0 -91.0
b4 0.803 351.0 176.0 17.0 15.0 -91.0
b4 0.765 367.0 175.0 17.0 15.0 -91.0
b4 0.744 335.0 160.0 16.0 15.0 -92.0
b4 0.735 335.0 175.0 17.0 15.0 -92.0
b4 0.693 159.0 191.0 17.0 15.0 -91.0
b4 0.666 143.0 160.0 17.0 15.0 -91.0
b4 0.646 352.0 188.0 12.0 69.0 -90.0
b4 0.636 143.0 176.0 17.0 15.0 -91.0
b4 0.620 351.0 160.0 16.0 16.0 -93.0
b4 0.603 368.0 160.0 7.0 35.0 -91.0
b4 0.600 143.0 191.0 16.0 14.0 -90.0
b4 0.599 240.0 239.0 7.0 35.0 -91.0
b4 0.566 160.0 159.0 7.0 35.0 -92.0
b4 0.538 144.0 207.0 12.0 74.0 -90.0
b4 0.532 383.0 176.0 16.0 15.0 -90.0
b4 0.514 336.0 173.0 92.0 46.0 -91.0
b7 0.851 256.0 420.0 12.0 83.0 -88.0
b7 0.837 239.0 384.0 29.0 10.0 -87.0
b7 0.823 256.0 388.0 12.0 85.0 -87.0
b7 0.506 272.0 435.0 12.0 79.0 -89.0
b7 0.503 256.0 371.0 13.0 84.0 -88.0
