b1 0.596 111.0 144.0 18.0 14.0 -93.0
b1 0.544 128.0 144.0 18.0 14.0 -94.0
b2 0.835 95.0 143.0 17.0 16.0 -88.0
b2 0.663 303.0 112.0 16.0 15.0 -91.0
b2 0.629 383.0 143.0 16.0 16.0 -90.0
b2 0.602 304.0 112.0 12.0 77.0 -90.0
b2 0.575 255.0 288.0 16.0 15.0 -90.0
b2 0.546 399.0 143.0 16.0 15.0 -88.0
b2 0.528 255.0 304.0 16.0 15.0 -91.0
b4 0.605 238.0 256.0 16.0 15.0 -91.0
b7 0.928 255.0 447.0 5.0 49.0 -87.0
b7 0.846 239.0 416.0 29.0 10.0 -87.0
b7 0.716 256.0 404.0 13.0 86.0 -88.0
b7 0.638 240.0 449.0 95.0 48.0 -88.0
