b2 0.600 191.0 334.0 7.0 37.0 -90.0
b2 0.592 176.0 352.0 7.0 37.0 -90.0
b2 0.503 207.0 320.0 28.0 9.0 -89.0
b4 0.583 400.0 352.0 28.0 9.0 -88.0
b4 0.520 368.0 351.0 16.0 15.0 -88.0
b4 0.513 287.0 191.0 17.0 15.0 -90.0
b7 0.721 80.0 320.0 29.0 10.0 -89.0
b7 0.705 111.0 320.0 17.0 17.0 -88.0
b7 0.646 240.0 208.0 28.0 10.0 -89.0
b7 0.591 256.0 432.0 12.0 79.0 -88.0
b7 0.590 224.0 208.0 28.0 9.0 -90.0
b7 0.586 223.0 176.0 5.0 46.0 -90.0
b7 0.575 95.0 335.0 17.0 17.0 -90.0
b7 0.549 303.0 176.0 17.0 18.0 -90.0
b7 0.526 256.0 417.0 13.0 79.0 -88.0
