b4 0.683 256.0 320.0 27.0 9.0 -93.0
b4 0.626 255.0 304.0 15.0 14.0 -92.0
b4 0.617 272.0 320.0 28.0 9.0 -92.0
b4 0.608 239.0 320.0 27.0 9.0 -93.0
b4 0.522 240.0 336.0 7.0 36.0 -93.0
b7 0.838 256.0 64.0 13.0 79.0 -88.0
b7 0.821 240.0 80.0 29.0 9.0 -88.0
b7 0.806 256.0 433.0 12.0 83.0 -87.0
b7 0.762 256.0 417.0 12.0 83.0 -87.0
b7 0.713 272.0 450.0 12.0 82.0 -87.0
b7 0.650 256.0 48.0 13.0 78.0 -88.0
b7 0.650 129.0 304.0 30.0 11.0 -90.0
b7 0.647 240.0 448.0 28.0 10.0 -87.0
b7 0.535 256.0 384.0 13.0 82.0 -87.0
b7 0.504 244.0 414.0 185.0 98.0 -89.0
b7 0.501 384.0 320.0 13.0 82.0 -89.0
