b2 0.736 335.0 143.0 16.0 15.0 -89.0
b2 0.725 351.0 159.0 17.0 16.0 -89.0
b2 0.712 335.0 159.0 17.0 16.0 -89.0
b2 0.668 351.0 144.0 16.0 15.0 -89.0
b2 0.591 319.0 159.0 17.0 16.0 -90.0
b2 0.548 207.0 144.0 16.0 16.0 -90.0
b2 0.545 318.0 144.0 16.0 16.0 -90.0
b2 0.523 143.0 242.0 14.0 64.0 -90.0
b4 0.540 208.0 304.0 7.0 38.0 -89.0
b4 0.503 208.0 304.0 28.0 9.0 -89.0
b7 0.858 240.0 354.0 13.0 82.0 -88.0
b7 0.789 256.0 337.0 13.0 79.0 -89.0
b7 0.773 223.0 416.0 29.0 10.0 -87.0
b7 0.678 238.0 449.0 96.0 50.0 -89.0
b7 0.665 207.0 369.0 96.0 49.0 -89.0
b7 0.600 256.0 321.0 13.0 77.0 -89.0
