b2 0.563 240.0 225.0 13.0 76.0 -89.0
b2 0.530 192.0 223.0 13.0 76.0 -89.0
b2 0.523 287.0 143.0 84.0 12.0 -89.0
b2 0.520 191.0 224.0 28.0 9.0 -89.0
b2 0.508 305.0 175.0 89.0 47.0 -90.0
b4 0.520 161.0 258.0 20.0 44.0 -90.0
b7 0.938 351.0 399.0 17.0 17.0 -89.0
b7 0.932 368.0 387.0 12.0 84.0 -88.0
b7 0.928 368.0 402.0 13.0 82.0 -88.0
b7 0.878 368.0 418.0 13.0 82.0 -89.0
b7 0.868 368.0 372.0 13.0 83.0 -88.0
b7 0.852 351.0 384.0 17.0 17.0 -89.0
b7 0.756 368.0 435.0 12.0 80.0 -89.0
b7 0.733 352.0 357.0 13.0 84.0 -88.0
b7 0.726 352.0 368.0 17.0 17.0 -87.0
b7 0.629 336.0 384.0 29.0 10.0 -88.0
b7 0.539 320.0 386.0 95.0 50.0 -89.0
