b2 0.618 142.0 256.0 16.0 16.0 -91.0
b2 0.612 223.0 160.0 16.0 15.0 -91.0
b2 0.595 288.0 80.0 7.0 37.0 -91.0
b2 0.547 240.0 160.0 7.0 36.0 -90.0
b2 0.533 143.0 240.0 15.0 15.0 -91.0
b2 0.517 292.0 80.0 87.0 47.0 -91.0
b7 0.888 416.0 433.0 12.0 81.0 -88.0
b7 0.875 399.0 432.0 17.0 17.0 -88.0
b7 0.835 400.0 419.0 13.0 85.0 -88.0
b7 0.810 399.0 416.0 17.0 16.0 -88.0
b7 0.762 400.0 402.0 13.0 82.0 -88.0
b7 0.683 416.0 462.0 12.0 80.0 -88.0
b7 0.651 400.0 387.0 13.0 83.0 -88.0
b7 0.626 383.0 448.0 28.0 10.0 -89.0
b7 0.504 416.0 478.0 13.0 68.0 -88.0
