b2 0.531 239.0 160.0 26.0 9.0 -90.0
b7 0.949 352.0 418.0 12.0 82.0 -89.0
b7 0.920 335.0 416.0 17.0 17.0 -89.0
b7 0.894 352.0 402.0 12.0 82.0 -89.0
b7 0.829 335.0 399.0 18.0 17.0 -89.0
b7 0.817 352.0 386.0 13.0 83.0 -89.0
b7 0.713 352.0 466.0 12.0 80.0 -89.0
b7 0.705 321.0 448.0 96.0 47.0 -89.0
b7 0.700 352.0 372.0 13.0 82.0 -88.0
b7 0.686 320.0 416.0 28.0 10.0 -89.0
b7 0.670 321.0 304.0 29.0 9.0 -88.0
b7 0.562 382.0 448.0 97.0 50.0 -89.0
b7 0.542 304.0 288.0 28.0 9.0 -88.0
b7 0.526 336.0 357.0 13.0 83.0 -88.0
b7 0.518 335.0 304.0 88.0 12.0 -88.0
b7 0.503 336.0 304.0 7.0 38.0 -88.0
b7 0.501 319.0 384.0 29.0 9.0 -89.0
