b2 0.941 62.0 191.0 16.0 15.0 -86.0
b2 0.899 63.0 205.0 5.0 45.0 -86.0
b2 0.850 63.0 190.0 13.0 82.0 -87.0
b2 0.753 367.0 367.0 16.0 16.0 -87.0
b2 0.707 383.0 367.0 17.0 16.0 -87.0
b2 0.684 95.0 208.0 13.0 78.0 -87.0
b2 0.637 160.0 366.0 13.0 82.0 -87.0
b2 0.609 95.0 225.0 13.0 79.0 -87.0
b2 0.587 160.0 381.0 12.0 80.0 -87.0
b2 0.568 416.0 272.0 127.0 32.0 -89.0
b2 0.562 415.0 367.0 127.0 32.0 -87.0
b2 0.552 415.0 397.0 12.0 77.0 -87.0
b2 0.538 367.0 367.0 13.0 81.0 -88.0
b2 0.533 351.0 351.0 17.0 15.0 -87.0
b2 0.526 176.0 351.0 13.0 80.0 -87.0
b2 0.509 335.0 335.0 16.0 15.0 -88.0
b2 0.504 383.0 272.0 13.0 79.0 -89.0
