b2 0.670 287.0 240.0 16.0 16.0 -90.0
b2 0.561 288.0 235.0 12.0 76.0 -90.0
b2 0.558 208.0 127.0 7.0 36.0 -91.0
b2 0.554 288.0 253.0 12.0 77.0 -90.0
b2 0.550 271.0 240.0 15.0 16.0 -90.0
b2 0.544 287.0 225.0 15.0 63.0 -90.0
b4 0.883 254.0 351.0 17.0 14.0 -92.0
b4 0.787 271.0 351.0 16.0 15.0 -93.0
b4 0.692 271.0 367.0 16.0 15.0 -92.0
b4 0.674 335.0 176.0 18.0 15.0 -90.0
b4 0.568 256.0 369.0 13.0 74.0 -91.0
b4 0.548 254.0 336.0 16.0 15.0 -92.0
b4 0.524 320.0 176.0 30.0 9.0 -90.0
b4 0.500 239.0 336.0 28.0 9.0 -91.0
b7 0.547 272.0 403.0 13.0 82.0 -88.0
