b2 0.709 224.0 288.0 7.0 37.0 -90.0
b2 0.675 224.0 271.0 12.0 74.0 -90.0
b2 0.653 239.0 176.0 15.0 16.0 -90.0
b2 0.633 223.0 176.0 15.0 16.0 -91.0
b2 0.621 255.0 192.0 16.0 16.0 -90.0
b2 0.604 239.0 192.0 15.0 16.0 -91.0
b2 0.591 224.0 256.0 62.0 256.0 -91.0
b2 0.585 239.0 179.0 15.0 66.0 -91.0
b2 0.585 207.0 288.0 15.0 15.0 -90.0
b2 0.576 224.0 127.0 7.0 37.0 -92.0
b2 0.567 223.0 192.0 15.0 16.0 -91.0
b2 0.564 224.0 251.0 12.0 75.0 -90.0
b2 0.557 225.0 287.0 83.0 12.0 -90.0
b2 0.532 240.0 208.0 12.0 74.0 -91.0
b2 0.530 224.0 111.0 7.0 37.0 -93.0
b2 0.517 224.0 194.0 12.0 79.0 -91.0
b2 0.517 240.0 335.0 84.0 11.0 -91.0
b2 0.515 207.0 272.0 15.0 15.0 -89.0
b7 0.536 224.0 420.0 13.0 90.0 -87.0
