b2 0.584 255.0 336.0 16.0 16.0 -92.0
b2 0.529 239.0 336.0 16.0 15.0 -90.0
b4 0.699 255.0 351.0 17.0 15.0 -92.0
b4 0.607 272.0 368.0 12.0 75.0 -89.0
b4 0.596 272.0 352.0 12.0 76.0 -90.0
b4 0.592 320.0 161.0 21.0 46.0 -89.0
b4 0.541 303.0 192.0 7.0 37.0 -89.0
b4 0.535 207.0 272.0 17.0 15.0 -89.0
b4 0.529 238.0 351.0 16.0 14.0 -92.0
b4 0.526 191.0 257.0 5.0 40.0 -89.0
b4 0.507 207.0 288.0 17.0 15.0 -88.0
b7 0.671 256.0 404.0 13.0 83.0 -87.0
b7 0.632 256.0 389.0 13.0 85.0 -87.0
b7 0.614 256.0 419.0 12.0 83.0 -88.0
