b2 0.605 271.0 128.0 16.0 16.0 -91.0
b2 0.547 256.0 100.0 12.0 73.0 -91.0
b2 0.537 207.0 81.0 93.0 45.0 -92.0
b2 0.521 111.0 272.0 17.0 14.0 -91.0
b2 0.508 240.0 116.0 12.0 75.0 -91.0
b4 0.699 128.0 271.0 8.0 34.0 -92.0
b4 0.660 127.0 255.0 18.0 14.0 -92.0
b4 0.640 128.0 287.0 13.0 72.0 -91.0
b4 0.548 255.0 224.0 17.0 15.0 -91.0
b4 0.545 128.0 255.0 13.0 70.0 -92.0
b4 0.528 255.0 208.0 16.0 15.0 -91.0
b4 0.514 239.0 224.0 17.0 15.0 -91.0
b7 0.780 368.0 435.0 13.0 83.0 -88.0
b7 0.742 384.0 462.0 12.0 80.0 -88.0
b7 0.713 351.0 432.0 29.0 9.0 -89.0
b7 0.635 191.0 80.0 17.0 16.0 -89.0
b7 0.608 335.0 384.0 6.0 46.0 -90.0
b7 0.604 288.0 288.0 22.0 48.0 -89.0
b7 0.597 384.0 478.0 13.0 68.0 -89.0
b7 0.575 335.0 400.0 5.0 44.0 -90.0
b7 0.559 96.0 271.0 7.0 39.0 -90.0
b7 0.538 303.0 287.0 6.0 47.0 -89.0
b7 0.527 415.0 449.0 100.0 50.0 -89.0
b7 0.511 95.0 256.0 16.0 16.0 -90.0
