b2 0.706 447.0 191.0 16.0 16.0 -89.0
b2 0.670 431.0 191.0 16.0 16.0 -89.0
b2 0.591 431.0 208.0 16.0 16.0 -90.0
b2 0.539 432.0 187.0 13.0 76.0 -89.0
b2 0.536 47.0 175.0 17.0 16.0 -90.0
b2 0.536 432.0 173.0 13.0 78.0 -89.0
b2 0.502 63.0 160.0 17.0 16.0 -89.0
b4 0.907 255.0 304.0 17.0 15.0 -93.0
b4 0.843 256.0 318.0 7.0 38.0 -93.0
b4 0.777 240.0 302.0 7.0 36.0 -92.0
b4 0.595 239.0 288.0 16.0 15.0 -93.0
b4 0.542 255.0 286.0 6.0 43.0 -93.0
b7 0.832 272.0 453.0 12.0 83.0 -88.0
b7 0.771 272.0 467.0 12.0 80.0 -88.0
b7 0.741 272.0 437.0 13.0 81.0 -88.0
b7 0.646 242.0 450.0 96.0 50.0 -89.0
b7 0.625 239.0 448.0 29.0 9.0 -89.0
