b2 0.611 207.0 80.0 17.0 15.0 -92.0
b2 0.577 79.0 223.0 17.0 15.0 -90.0
b2 0.555 351.0 159.0 17.0 15.0 -90.0
b2 0.537 368.0 144.0 17.0 16.0 -90.0
b2 0.504 368.0 160.0 28.0 9.0 -90.0
b4 0.617 96.0 255.0 20.0 44.0 -89.0
b4 0.502 239.0 80.0 17.0 16.0 -91.0
b7 0.878 432.0 436.0 13.0 82.0 -88.0
b7 0.826 447.0 447.0 5.0 45.0 -88.0
b7 0.761 386.0 290.0 22.0 49.0 -89.0
b7 0.749 448.0 416.0 13.0 81.0 -88.0
b7 0.702 383.0 272.0 6.0 46.0 -90.0
b7 0.638 416.0 448.0 93.0 50.0 -89.0
b7 0.550 448.0 352.0 13.0 81.0 -89.0
