b2 0.501 256.0 385.0 7.0 35.0 -89.0
b4 0.844 256.0 192.0 16.0 15.0 -92.0
b4 0.843 240.0 207.0 7.0 34.0 -92.0
b4 0.785 80.0 255.0 7.0 35.0 -92.0
b4 0.773 240.0 222.0 7.0 36.0 -91.0
b4 0.739 111.0 191.0 17.0 15.0 -92.0
b4 0.662 431.0 239.0 17.0 14.0 -92.0
b4 0.647 80.0 269.0 13.0 73.0 -91.0
b4 0.623 112.0 176.0 12.0 71.0 -92.0
b4 0.598 255.0 368.0 15.0 14.0 -91.0
b4 0.550 240.0 367.0 7.0 37.0 -91.0
b4 0.549 240.0 384.0 28.0 9.0 -92.0
b4 0.542 271.0 368.0 15.0 15.0 -90.0
b4 0.540 383.0 80.0 16.0 15.0 -93.0
b4 0.534 240.0 383.0 7.0 36.0 -92.0
b4 0.524 111.0 207.0 16.0 14.0 -91.0
b4 0.518 128.0 190.0 13.0 73.0 -91.0
b4 0.518 432.0 249.0 13.0 70.0 -91.0
b4 0.515 431.0 255.0 17.0 14.0 -92.0
b7 0.716 95.0 63.0 16.0 17.0 -89.0
b7 0.662 256.0 417.0 12.0 86.0 -87.0
b7 0.602 96.0 79.0 7.0 40.0 -89.0
b7 0.566 399.0 223.0 16.0 17.0 -90.0
