b2 0.533 255.0 256.0 16.0 15.0 -89.0
b2 0.528 191.0 304.0 16.0 16.0 -90.0
b2 0.503 95.0 288.0 16.0 16.0 -91.0
b7 0.718 463.0 192.0 17.0 16.0 -89.0
b7 0.704 463.0 175.0 17.0 16.0 -89.0
b7 0.598 255.0 399.0 30.0 10.0 -89.0
b7 0.581 207.0 273.0 6.0 47.0 -89.0
b7 0.566 126.0 336.0 16.0 17.0 -89.0
b7 0.556 319.0 81.0 6.0 45.0 -89.0
b7 0.553 143.0 335.0 16.0 17.0 -89.0
b7 0.552 288.0 417.0 22.0 48.0 -90.0
b7 0.550 463.0 193.0 13.0 83.0 -89.0
b7 0.549 320.0 65.0 21.0 49.0 -89.0
b7 0.538 447.0 160.0 17.0 16.0 -90.0
b7 0.507 127.0 351.0 17.0 16.0 -89.0
b7 0.504 383.0 95.0 5.0 47.0 -89.0
