b2 0.600 367.0 224.0 16.0 16.0 -89.0
b4 0.743 175.0 335.0 17.0 15.0 -90.0
b4 0.681 159.0 335.0 16.0 15.0 -90.0
b4 0.663 288.0 111.0 17.0 15.0 -91.0
b4 0.634 127.0 240.0 17.0 15.0 -91.0
b4 0.546 288.0 127.0 17.0 14.0 -91.0
b4 0.531 160.0 350.0 13.0 76.0 -90.0
b7 0.795 111.0 209.0 5.0 46.0 -89.0
b7 0.747 111.0 225.0 6.0 48.0 -89.0
b7 0.741 352.0 466.0 12.0 82.0 -88.0
b7 0.730 352.0 451.0 12.0 81.0 -88.0
b7 0.716 335.0 63.0 16.0 17.0 -88.0
b7 0.654 383.0 36.0 16.0 72.0 -89.0
b7 0.594 272.0 114.0 13.0 80.0 -89.0
b7 0.591 319.0 48.0 22.0 50.0 -89.0
b7 0.574 127.0 319.0 13.0 84.0 -90.0
b7 0.529 352.0 435.0 13.0 81.0 -87.0
b7 0.504 317.0 448.0 98.0 47.0 -89.0
