b2 0.763 319.0 128.0 17.0 15.0 -91.0
b2 0.754 335.0 144.0 17.0 15.0 -89.0
b2 0.739 319.0 144.0 16.0 14.0 -90.0
b2 0.644 335.0 133.0 15.0 65.0 -90.0
b2 0.550 160.0 144.0 95.0 47.0 -90.0
b2 0.530 303.0 144.0 17.0 14.0 -91.0
b2 0.518 159.0 160.0 17.0 15.0 -89.0
b7 0.976 256.0 384.0 16.0 17.0 -88.0
b7 0.909 256.0 389.0 12.0 85.0 -87.0
b7 0.898 256.0 373.0 13.0 86.0 -88.0
b7 0.873 255.0 368.0 16.0 17.0 -88.0
b7 0.864 256.0 403.0 13.0 82.0 -88.0
b7 0.859 239.0 384.0 28.0 10.0 -88.0
b7 0.739 256.0 419.0 12.0 84.0 -88.0
b7 0.616 256.0 356.0 13.0 86.0 -88.0
b7 0.573 225.0 321.0 22.0 49.0 -90.0
b7 0.501 251.0 380.0 184.0 96.0 -89.0
