b2 0.531 319.0 128.0 16.0 15.0 -88.0
b2 0.524 256.0 319.0 7.0 35.0 -90.0
b2 0.523 288.0 323.0 13.0 72.0 -90.0
b2 0.506 258.0 322.0 91.0 46.0 -90.0
b4 0.720 272.0 302.0 7.0 36.0 -93.0
b4 0.660 255.0 285.0 6.0 41.0 -91.0
b4 0.599 255.0 270.0 5.0 42.0 -90.0
b4 0.598 287.0 255.0 5.0 43.0 -90.0
b7 0.891 272.0 386.0 12.0 84.0 -88.0
b7 0.843 272.0 422.0 12.0 84.0 -88.0
b7 0.682 367.0 111.0 6.0 49.0 -89.0
b7 0.658 255.0 400.0 28.0 10.0 -89.0
b7 0.562 159.0 128.0 5.0 45.0 -89.0
b7 0.559 113.0 143.0 48.0 25.0 -89.0
b7 0.555 257.0 352.0 94.0 49.0 -88.0
