b4 0.596 303.0 191.0 16.0 16.0 -90.0
b4 0.555 319.0 192.0 16.0 15.0 -89.0
b7 0.883 368.0 436.0 13.0 83.0 -88.0
b7 0.864 175.0 368.0 27.0 10.0 -88.0
b7 0.813 384.0 449.0 12.0 81.0 -88.0
b7 0.711 384.0 462.0 12.0 80.0 -88.0
b7 0.708 176.0 367.0 13.0 81.0 -88.0
b7 0.704 368.0 420.0 13.0 84.0 -88.0
b7 0.698 351.0 82.0 6.0 45.0 -90.0
b7 0.692 191.0 336.0 5.0 45.0 -88.0
b7 0.692 239.0 160.0 6.0 48.0 -89.0
b7 0.686 351.0 97.0 6.0 45.0 -90.0
b7 0.681 239.0 145.0 6.0 48.0 -89.0
b7 0.670 175.0 351.0 16.0 17.0 -88.0
b7 0.632 144.0 352.0 29.0 9.0 -89.0
b7 0.632 337.0 402.0 22.0 50.0 -90.0
b7 0.628 143.0 208.0 17.0 16.0 -89.0
b7 0.617 354.0 97.0 59.0 18.0 -90.0
b7 0.591 367.0 416.0 17.0 17.0 -88.0
b7 0.588 224.0 160.0 29.0 10.0 -89.0
b7 0.579 144.0 207.0 13.0 83.0 -89.0
b7 0.571 159.0 352.0 28.0 9.0 -88.0
b7 0.562 384.0 478.0 13.0 68.0 -89.0
b7 0.513 144.0 189.0 13.0 83.0 -89.0
b7 0.507 256.0 319.0 13.0 80.0 -88.0
