b4 0.712 367.0 191.0 16.0 16.0 -90.0
b4 0.663 256.0 223.0 7.0 35.0 -92.0
b4 0.658 272.0 238.0 7.0 35.0 -92.0
b4 0.636 127.0 160.0 16.0 15.0 -92.0
b4 0.543 98.0 159.0 94.0 47.0 -91.0
b4 0.504 207.0 207.0 5.0 42.0 -90.0
b7 0.901 271.0 447.0 5.0 47.0 -88.0
b7 0.801 271.0 400.0 17.0 16.0 -89.0
b7 0.798 223.0 352.0 6.0 48.0 -91.0
b7 0.777 272.0 404.0 12.0 83.0 -88.0
b7 0.769 288.0 417.0 12.0 81.0 -88.0
b7 0.676 175.0 113.0 13.0 83.0 -89.0
b7 0.627 223.0 335.0 6.0 48.0 -91.0
b7 0.612 463.0 211.0 12.0 80.0 -89.0
b7 0.594 463.0 194.0 12.0 80.0 -89.0
b7 0.581 448.0 80.0 13.0 79.0 -89.0
b7 0.559 48.0 175.0 13.0 80.0 -90.0
b7 0.555 48.0 159.0 13.0 79.0 -90.0
b7 0.525 257.0 398.0 185.0 97.0 -89.0
b7 0.514 175.0 178.0 24.0 186.0 -89.0
b7 0.508 320.0 142.0 13.0 79.0 -89.0
