b2 0.518 258.0 306.0 92.0 46.0 -90.0
b4 0.810 255.0 270.0 5.0 41.0 -92.0
b4 0.771 255.0 254.0 5.0 42.0 -91.0
b4 0.696 64.0 239.0 13.0 74.0 -90.0
b4 0.688 63.0 254.0 13.0 73.0 -90.0
b4 0.621 256.0 286.0 7.0 36.0 -93.0
b4 0.584 258.0 288.0 28.0 9.0 -93.0
b4 0.572 237.0 271.0 90.0 46.0 -91.0
b4 0.557 271.0 273.0 122.0 32.0 -91.0
b4 0.518 320.0 127.0 7.0 36.0 -91.0
b7 0.703 63.0 112.0 17.0 17.0 -89.0
b7 0.676 288.0 417.0 13.0 81.0 -88.0
b7 0.623 335.0 80.0 17.0 17.0 -89.0
b7 0.614 320.0 63.0 61.0 17.0 -89.0
b7 0.563 303.0 64.0 5.0 47.0 -89.0
b7 0.559 78.0 111.0 65.0 18.0 -89.0
b7 0.558 288.0 337.0 13.0 82.0 -88.0
b7 0.547 255.0 80.0 16.0 17.0 -90.0
b7 0.541 62.0 128.0 17.0 17.0 -89.0
b7 0.511 335.0 64.0 17.0 16.0 -89.0
b7 0.510 350.0 64.0 17.0 16.0 -89.0
