b4 0.801 256.0 224.0 16.0 15.0 -92.0
b4 0.785 256.0 254.0 7.0 34.0 -92.0
b4 0.743 240.0 239.0 7.0 34.0 -92.0
b4 0.668 127.0 192.0 16.0 15.0 -92.0
b4 0.658 367.0 192.0 16.0 15.0 -92.0
b4 0.615 383.0 192.0 16.0 15.0 -91.0
b7 0.883 431.0 240.0 16.0 17.0 -88.0
b7 0.840 256.0 436.0 12.0 81.0 -88.0
b7 0.751 256.0 404.0 12.0 84.0 -88.0
b7 0.695 272.0 418.0 12.0 81.0 -88.0
b7 0.692 175.0 176.0 6.0 44.0 -88.0
b7 0.668 112.0 225.0 13.0 83.0 -88.0
b7 0.656 448.0 254.0 12.0 78.0 -89.0
b7 0.630 351.0 128.0 5.0 45.0 -89.0
b7 0.621 112.0 240.0 13.0 80.0 -88.0
b7 0.603 111.0 129.0 5.0 47.0 -89.0
b7 0.548 112.0 207.0 12.0 83.0 -88.0
b7 0.526 175.0 142.0 12.0 82.0 -89.0
b7 0.524 431.0 224.0 16.0 16.0 -88.0
