b2 0.672 95.0 320.0 18.0 15.0 -91.0
b2 0.641 96.0 308.0 14.0 71.0 -91.0
b2 0.591 95.0 304.0 17.0 15.0 -91.0
b2 0.590 96.0 289.0 8.0 35.0 -92.0
b2 0.576 96.0 273.0 7.0 33.0 -92.0
b2 0.565 192.0 160.0 7.0 35.0 -91.0
b2 0.542 96.0 322.0 13.0 73.0 -91.0
b4 0.610 80.0 303.0 7.0 36.0 -92.0
b4 0.596 384.0 286.0 7.0 35.0 -91.0
b4 0.592 400.0 288.0 63.0 17.0 -92.0
b4 0.571 80.0 318.0 13.0 71.0 -92.0
b7 0.880 255.0 368.0 16.0 17.0 -87.0
b7 0.752 256.0 388.0 13.0 82.0 -88.0
b7 0.601 64.0 287.0 7.0 39.0 -89.0
b7 0.573 256.0 353.0 12.0 84.0 -87.0
