b4 0.869 257.0 287.0 28.0 9.0 -92.0
b4 0.812 256.0 303.0 7.0 36.0 -92.0
b4 0.809 175.0 143.0 16.0 14.0 -92.0
b4 0.782 399.0 223.0 17.0 14.0 -92.0
b4 0.765 303.0 143.0 17.0 15.0 -92.0
b4 0.764 191.0 144.0 17.0 15.0 -91.0
b4 0.764 351.0 207.0 17.0 15.0 -91.0
b4 0.741 176.0 158.0 7.0 36.0 -92.0
b4 0.738 144.0 207.0 7.0 34.0 -91.0
b4 0.721 288.0 142.0 7.0 34.0 -92.0
b4 0.720 335.0 191.0 17.0 15.0 -91.0
b4 0.690 351.0 223.0 16.0 15.0 -91.0
b4 0.678 144.0 191.0 7.0 34.0 -91.0
b4 0.654 351.0 192.0 17.0 15.0 -91.0
b4 0.651 335.0 207.0 17.0 15.0 -91.0
b4 0.647 287.0 128.0 17.0 14.0 -91.0
b4 0.628 159.0 224.0 17.0 15.0 -90.0
b4 0.614 128.0 223.0 13.0 69.0 -91.0
b4 0.609 399.0 239.0 17.0 15.0 -91.0
b4 0.605 400.0 207.0 7.0 32.0 -90.0
b4 0.595 111.0 208.0 17.0 14.0 -91.0
b4 0.587 272.0 318.0 13.0 75.0 -91.0
b4 0.579 303.0 160.0 17.0 15.0 -91.0
b4 0.576 335.0 223.0 17.0 15.0 -91.0
b4 0.564 128.0 236.0 13.0 70.0 -90.0
b4 0.559 383.0 224.0 17.0 14.0 -91.0
b4 0.555 304.0 127.0 8.0 35.0 -91.0
b4 0.531 367.0 224.0 17.0 15.0 -91.0
b4 0.530 288.0 159.0 16.0 14.0 -90.0
b4 0.526 176.0 128.0 16.0 15.0 -91.0
b4 0.522 367.0 208.0 17.0 14.0 -91.0
b4 0.511 111.0 223.0 17.0 14.0 -92.0
b7 0.825 288.0 401.0 13.0 82.0 -89.0
b7 0.787 288.0 418.0 13.0 82.0 -89.0
b7 0.757 288.0 384.0 13.0 86.0 -89.0
b7 0.620 80.0 208.0 16.0 17.0 -89.0
b7 0.613 288.0 434.0 12.0 80.0 -89.0
b7 0.507 271.0 384.0 17.0 17.0 -90.0
