b2 0.508 175.0 176.0 16.0 16.0 -87.0
b4 0.856 400.0 303.0 18.0 14.0 -93.0
b4 0.837 415.0 304.0 17.0 15.0 -93.0
b4 0.743 399.0 288.0 18.0 15.0 -92.0
b4 0.722 400.0 317.0 13.0 71.0 -91.0
b4 0.682 399.0 319.0 17.0 14.0 -92.0
b4 0.680 111.0 240.0 17.0 15.0 -90.0
b4 0.672 271.0 256.0 16.0 15.0 -91.0
b4 0.657 175.0 191.0 16.0 15.0 -93.0
b4 0.651 144.0 223.0 7.0 34.0 -91.0
b4 0.619 159.0 224.0 16.0 15.0 -91.0
b4 0.591 96.0 270.0 13.0 72.0 -91.0
b4 0.575 96.0 254.0 13.0 72.0 -91.0
b4 0.555 96.0 287.0 13.0 72.0 -90.0
b4 0.544 335.0 143.0 17.0 14.0 -92.0
b4 0.534 351.0 144.0 17.0 15.0 -92.0
b4 0.508 400.0 336.0 13.0 72.0 -90.0
b4 0.506 256.0 287.0 7.0 36.0 -91.0
b4 0.501 175.0 207.0 16.0 15.0 -92.0
b7 0.823 272.0 386.0 12.0 82.0 -89.0
b7 0.691 272.0 370.0 13.0 82.0 -89.0
b7 0.676 272.0 419.0 12.0 81.0 -89.0
b7 0.576 96.0 323.0 13.0 83.0 -89.0
b7 0.527 367.0 288.0 16.0 16.0 -88.0
b7 0.504 303.0 144.0 6.0 47.0 -89.0
