b2 0.595 368.0 177.0 7.0 36.0 -92.0
b2 0.529 384.0 193.0 8.0 36.0 -92.0
b4 0.798 127.0 239.0 17.0 15.0 -91.0
b4 0.766 256.0 255.0 7.0 34.0 -92.0
b4 0.757 143.0 239.0 17.0 16.0 -91.0
b4 0.733 128.0 254.0 13.0 74.0 -91.0
b4 0.696 144.0 223.0 7.0 36.0 -91.0
b4 0.626 128.0 272.0 13.0 74.0 -91.0
b4 0.576 128.0 206.0 7.0 34.0 -92.0
b4 0.545 383.0 223.0 16.0 15.0 -91.0
b4 0.541 143.0 207.0 17.0 15.0 -92.0
b4 0.520 128.0 238.0 96.0 46.0 -91.0
b4 0.510 367.0 208.0 16.0 15.0 -91.0
b7 0.840 256.0 356.0 13.0 83.0 -88.0
b7 0.765 256.0 341.0 12.0 84.0 -88.0
b7 0.659 272.0 369.0 12.0 79.0 -89.0
b7 0.624 272.0 321.0 13.0 80.0 -88.0
b7 0.565 273.0 368.0 83.0 12.0 -89.0
b7 0.562 256.0 384.0 12.0 82.0 -89.0
