b2 0.688 191.0 144.0 16.0 15.0 -89.0
b2 0.544 399.0 224.0 16.0 15.0 -90.0
b2 0.543 335.0 208.0 17.0 15.0 -91.0
b2 0.532 207.0 144.0 16.0 16.0 -90.0
b4 0.831 208.0 302.0 7.0 35.0 -92.0
b4 0.742 208.0 319.0 7.0 35.0 -92.0
b4 0.720 208.0 287.0 16.0 15.0 -91.0
b4 0.660 351.0 112.0 17.0 15.0 -94.0
b4 0.599 207.0 299.0 45.0 87.0 -91.0
b4 0.592 176.0 256.0 16.0 15.0 -91.0
b4 0.587 207.0 271.0 16.0 15.0 -91.0
b4 0.552 174.0 223.0 64.0 16.0 -90.0
b4 0.509 191.0 271.0 16.0 15.0 -90.0
b7 0.751 224.0 417.0 13.0 81.0 -88.0
b7 0.671 208.0 402.0 13.0 84.0 -88.0
