b2 0.540 351.0 160.0 16.0 16.0 -91.0
b4 0.886 111.0 111.0 17.0 15.0 -92.0
b4 0.844 257.0 271.0 28.0 9.0 -92.0
b4 0.831 96.0 112.0 7.0 35.0 -91.0
b4 0.824 256.0 286.0 7.0 35.0 -93.0
b4 0.806 95.0 96.0 16.0 14.0 -92.0
b4 0.763 271.0 256.0 16.0 15.0 -91.0
b4 0.739 112.0 96.0 7.0 35.0 -92.0
b4 0.712 111.0 127.0 17.0 15.0 -90.0
b4 0.699 95.0 239.0 17.0 14.0 -92.0
b4 0.662 95.0 223.0 17.0 14.0 -92.0
b4 0.650 399.0 255.0 16.0 14.0 -92.0
b4 0.639 416.0 240.0 16.0 15.0 -92.0
b4 0.636 400.0 240.0 16.0 14.0 -92.0
b4 0.631 143.0 208.0 17.0 16.0 -91.0
b4 0.568 400.0 270.0 13.0 70.0 -90.0
b4 0.555 80.0 239.0 7.0 34.0 -92.0
b4 0.538 335.0 224.0 17.0 15.0 -92.0
b4 0.536 335.0 239.0 16.0 14.0 -92.0
b4 0.523 96.0 127.0 7.0 36.0 -90.0
b4 0.507 129.0 205.0 97.0 45.0 -90.0
b4 0.503 79.0 224.0 16.0 14.0 -91.0
b7 0.764 272.0 387.0 13.0 84.0 -88.0
b7 0.764 95.0 272.0 16.0 17.0 -88.0
b7 0.763 399.0 288.0 16.0 17.0 -88.0
b7 0.670 288.0 417.0 12.0 82.0 -89.0
b7 0.647 288.0 402.0 13.0 81.0 -89.0
b7 0.626 111.0 79.0 16.0 21.0 -85.0
b7 0.607 272.0 369.0 13.0 83.0 -88.0
b7 0.538 127.0 160.0 17.0 17.0 -89.0
b7 0.508 80.0 272.0 27.0 10.0 -89.0
