b4 0.897 399.0 223.0 17.0 15.0 -93.0
b4 0.824 111.0 176.0 16.0 14.0 -94.0
b4 0.822 400.0 239.0 16.0 14.0 -92.0
b4 0.789 335.0 95.0 16.0 14.0 -93.0
b4 0.785 111.0 191.0 16.0 14.0 -94.0
b4 0.775 351.0 95.0 17.0 15.0 -93.0
b4 0.755 352.0 80.0 16.0 16.0 -92.0
b4 0.726 384.0 223.0 17.0 14.0 -93.0
b4 0.711 401.0 238.0 13.0 69.0 -91.0
b4 0.703 95.0 176.0 16.0 14.0 -92.0
b4 0.692 271.0 207.0 16.0 15.0 -92.0
b4 0.688 96.0 191.0 7.0 35.0 -92.0
b4 0.682 400.0 208.0 17.0 15.0 -91.0
b4 0.644 415.0 223.0 16.0 15.0 -91.0
b4 0.621 271.0 192.0 16.0 15.0 -91.0
b4 0.615 112.0 206.0 13.0 71.0 -91.0
b4 0.597 383.0 239.0 16.0 14.0 -92.0
b4 0.595 256.0 222.0 7.0 36.0 -92.0
b4 0.585 112.0 177.0 13.0 71.0 -92.0
b4 0.559 287.0 192.0 16.0 15.0 -90.0
b4 0.528 335.0 112.0 17.0 15.0 -92.0
b4 0.504 143.0 160.0 16.0 15.0 -91.0
b7 0.925 256.0 419.0 12.0 83.0 -88.0
b7 0.900 256.0 402.0 13.0 84.0 -88.0
b7 0.883 256.0 387.0 13.0 85.0 -88.0
b7 0.797 239.0 416.0 30.0 10.0 -88.0
b7 0.551 253.0 429.0 184.0 96.0 -89.0
b7 0.533 272.0 353.0 13.0 79.0 -89.0
