b2 0.510 433.0 207.0 21.0 46.0 -90.0
b4 0.933 95.0 160.0 16.0 14.0 -92.0
b4 0.884 319.0 127.0 16.0 14.0 -93.0
b4 0.874 112.0 158.0 7.0 35.0 -92.0
b4 0.840 111.0 175.0 17.0 15.0 -91.0
b4 0.801 96.0 145.0 7.0 35.0 -91.0
b4 0.745 111.0 335.0 17.0 14.0 -92.0
b4 0.721 351.0 208.0 17.0 15.0 -92.0
b4 0.721 95.0 335.0 16.0 14.0 -92.0
b4 0.711 113.0 159.0 83.0 11.0 -91.0
b4 0.653 367.0 224.0 17.0 15.0 -92.0
b4 0.653 224.0 271.0 7.0 35.0 -91.0
b4 0.640 112.0 333.0 13.0 71.0 -91.0
b4 0.628 337.0 112.0 59.0 16.0 -91.0
b4 0.622 351.0 223.0 17.0 16.0 -91.0
b4 0.621 112.0 347.0 13.0 71.0 -91.0
b4 0.618 112.0 317.0 13.0 73.0 -91.0
b4 0.612 128.0 254.0 7.0 36.0 -91.0
b4 0.598 415.0 239.0 17.0 14.0 -92.0
b4 0.593 415.0 224.0 16.0 15.0 -92.0
b4 0.589 319.0 144.0 17.0 15.0 -89.0
b4 0.575 432.0 254.0 13.0 72.0 -90.0
b4 0.554 239.0 240.0 16.0 15.0 -91.0
b4 0.534 287.0 239.0 17.0 16.0 -90.0
b4 0.524 303.0 111.0 16.0 15.0 -91.0
b4 0.520 303.0 128.0 16.0 14.0 -91.0
b4 0.519 96.0 127.0 12.0 74.0 -90.0
b4 0.513 143.0 224.0 17.0 15.0 -91.0
b4 0.511 366.0 192.0 61.0 16.0 -91.0
b7 0.707 239.0 384.0 17.0 16.0 -88.0
b7 0.657 240.0 387.0 12.0 83.0 -88.0
b7 0.585 224.0 384.0 29.0 9.0 -88.0
b7 0.522 287.0 112.0 6.0 48.0 -89.0
