b2 0.738 95.0 223.0 16.0 15.0 -89.0
b2 0.508 399.0 240.0 16.0 15.0 -89.0
b4 0.866 126.0 224.0 17.0 16.0 -93.0
b4 0.860 126.0 239.0 18.0 15.0 -93.0
b4 0.811 142.0 224.0 17.0 15.0 -92.0
b4 0.763 191.0 207.0 17.0 15.0 -91.0
b4 0.690 287.0 144.0 16.0 14.0 -93.0
b4 0.662 256.0 271.0 7.0 35.0 -91.0
b4 0.625 287.0 159.0 16.0 15.0 -92.0
b4 0.618 303.0 143.0 16.0 15.0 -92.0
b4 0.599 176.0 207.0 7.0 34.0 -91.0
b4 0.597 383.0 255.0 17.0 15.0 -91.0
b4 0.587 128.0 254.0 13.0 70.0 -91.0
b4 0.567 304.0 252.0 12.0 69.0 -91.0
b4 0.565 192.0 222.0 7.0 36.0 -91.0
b4 0.524 207.0 223.0 17.0 15.0 -91.0
b4 0.515 304.0 240.0 17.0 15.0 -91.0
b4 0.514 112.0 238.0 7.0 35.0 -93.0
b4 0.503 112.0 240.0 29.0 9.0 -93.0
b7 0.848 256.0 421.0 12.0 83.0 -88.0
b7 0.802 256.0 436.0 12.0 81.0 -88.0
b7 0.775 256.0 402.0 12.0 81.0 -89.0
