b2 0.523 351.0 224.0 17.0 15.0 -89.0
b4 0.808 79.0 239.0 16.0 13.0 -93.0
b4 0.764 96.0 239.0 16.0 14.0 -92.0
b4 0.756 79.0 255.0 16.0 14.0 -93.0
b4 0.671 95.0 255.0 16.0 14.0 -92.0
b4 0.664 176.0 141.0 7.0 35.0 -93.0
b4 0.611 175.0 128.0 17.0 14.0 -92.0
b4 0.579 80.0 253.0 13.0 69.0 -92.0
b4 0.564 416.0 271.0 8.0 35.0 -92.0
b4 0.545 96.0 225.0 7.0 32.0 -91.0
b4 0.543 383.0 209.0 15.0 63.0 -91.0
b4 0.543 224.0 255.0 7.0 35.0 -92.0
b4 0.530 191.0 143.0 16.0 15.0 -92.0
b4 0.529 432.0 271.0 16.0 14.0 -93.0
b4 0.526 192.0 127.0 7.0 34.0 -92.0
b4 0.521 415.0 255.0 17.0 14.0 -92.0
b4 0.514 192.0 158.0 13.0 75.0 -91.0
b7 0.826 240.0 386.0 12.0 82.0 -88.0
b7 0.713 240.0 419.0 12.0 82.0 -89.0
b7 0.660 224.0 370.0 13.0 83.0 -88.0
