b2 0.526 335.0 175.0 17.0 16.0 -89.0
b2 0.506 335.0 161.0 15.0 64.0 -89.0
b4 0.921 256.0 208.0 28.0 9.0 -93.0
b4 0.921 270.0 208.0 16.0 15.0 -93.0
b4 0.917 256.0 223.0 7.0 37.0 -93.0
b4 0.906 255.0 207.0 5.0 43.0 -92.0
b4 0.786 207.0 160.0 17.0 15.0 -91.0
b4 0.730 256.0 239.0 7.0 38.0 -92.0
b4 0.710 208.0 128.0 7.0 35.0 -91.0
b4 0.696 254.0 192.0 16.0 16.0 -91.0
b4 0.665 223.0 160.0 17.0 15.0 -91.0
b4 0.664 191.0 142.0 8.0 35.0 -92.0
b4 0.635 241.0 224.0 28.0 9.0 -91.0
b4 0.585 237.0 223.0 93.0 46.0 -92.0
b4 0.581 239.0 208.0 16.0 14.0 -92.0
b4 0.580 193.0 142.0 93.0 44.0 -91.0
b4 0.567 192.0 159.0 7.0 34.0 -91.0
b4 0.530 239.0 192.0 16.0 16.0 -91.0
b7 0.920 272.0 403.0 13.0 81.0 -88.0
b7 0.879 272.0 389.0 13.0 86.0 -88.0
b7 0.835 272.0 419.0 12.0 82.0 -88.0
b7 0.685 272.0 371.0 13.0 85.0 -89.0
b7 0.547 304.0 354.0 13.0 83.0 -90.0
b7 0.515 252.0 398.0 186.0 98.0 -89.0
