b4 0.751 175.0 352.0 16.0 15.0 -90.0
b4 0.643 177.0 368.0 27.0 8.0 -90.0
b4 0.633 335.0 143.0 16.0 14.0 -89.0
b4 0.630 161.0 351.0 59.0 16.0 -90.0
b4 0.622 191.0 336.0 16.0 15.0 -89.0
b4 0.610 192.0 351.0 7.0 34.0 -90.0
b4 0.581 127.0 368.0 16.0 14.0 -89.0
b4 0.580 383.0 271.0 16.0 14.0 -91.0
b4 0.572 335.0 128.0 16.0 14.0 -87.0
b4 0.545 143.0 368.0 16.0 14.0 -89.0
b4 0.514 336.0 158.0 14.0 59.0 -89.0
b4 0.507 192.0 363.0 12.0 69.0 -88.0
b4 0.506 160.0 353.0 7.0 35.0 -89.0
b7 0.540 383.0 288.0 28.0 10.0 -90.0
b7 0.501 400.0 288.0 29.0 11.0 -89.0
