b2 0.803 239.0 352.0 16.0 15.0 -90.0
b2 0.762 222.0 352.0 16.0 15.0 -90.0
b2 0.637 239.0 368.0 16.0 15.0 -90.0
b2 0.605 223.0 368.0 16.0 14.0 -89.0
b2 0.533 223.0 288.0 15.0 16.0 -91.0
b2 0.531 242.0 353.0 122.0 33.0 -90.0
b2 0.519 287.0 159.0 5.0 45.0 -88.0
b2 0.517 240.0 302.0 12.0 74.0 -91.0
b2 0.517 207.0 287.0 15.0 16.0 -90.0
b2 0.513 287.0 175.0 7.0 37.0 -88.0
b2 0.505 256.0 318.0 12.0 76.0 -91.0
b4 0.773 334.0 143.0 18.0 15.0 -91.0
b4 0.750 350.0 143.0 17.0 15.0 -89.0
b4 0.709 351.0 127.0 17.0 16.0 -90.0
b4 0.602 336.0 128.0 7.0 35.0 -91.0
b4 0.559 256.0 386.0 12.0 71.0 -91.0
b4 0.518 322.0 141.0 96.0 46.0 -89.0
b4 0.517 256.0 401.0 12.0 72.0 -90.0
