b2 0.922 176.0 160.0 27.0 9.0 -92.0
b2 0.847 383.0 176.0 16.0 15.0 -92.0
b2 0.819 192.0 192.0 12.0 74.0 -91.0
b2 0.808 160.0 144.0 28.0 9.0 -91.0
b2 0.730 207.0 144.0 16.0 16.0 -92.0
b2 0.718 239.0 256.0 16.0 15.0 -90.0
b2 0.716 256.0 255.0 27.0 9.0 -92.0
b2 0.710 383.0 160.0 16.0 15.0 -91.0
b2 0.708 383.0 192.0 16.0 15.0 -91.0
b2 0.687 249.0 157.0 342.0 47.0 -91.0
b2 0.678 256.0 238.0 13.0 76.0 -91.0
b2 0.661 291.0 191.0 339.0 48.0 -91.0
b2 0.657 159.0 175.0 12.0 73.0 -91.0
b2 0.646 240.0 252.0 13.0 73.0 -90.0
b2 0.636 367.0 176.0 16.0 15.0 -91.0
b2 0.614 367.0 160.0 16.0 15.0 -90.0
b2 0.606 201.0 239.0 338.0 48.0 -91.0
b2 0.597 304.0 239.0 13.0 74.0 -91.0
b2 0.591 288.0 223.0 13.0 73.0 -92.0
b2 0.568 287.0 208.0 16.0 15.0 -91.0
b2 0.568 192.0 240.0 13.0 74.0 -91.0
b2 0.566 256.0 272.0 13.0 75.0 -90.0
b2 0.565 357.0 174.0 301.0 49.0 -91.0
b2 0.557 207.0 128.0 16.0 16.0 -91.0
b2 0.548 238.0 224.0 16.0 16.0 -91.0
b2 0.537 270.0 208.0 16.0 15.0 -91.0
b2 0.531 272.0 206.0 13.0 75.0 -91.0
b2 0.529 303.0 192.0 16.0 16.0 -90.0
b2 0.521 223.0 256.0 16.0 15.0 -91.0
b2 0.513 223.0 223.0 17.0 16.0 -91.0
b2 0.505 284.0 165.0 106.0 333.0 -91.0
