b8 0.939 127.0 111.0 67.0 16.0 -86.0
b8 0.936 111.0 129.0 7.0 34.0 -86.0
b8 0.929 63.0 256.0 7.0 34.0 -87.0
b8 0.926 114.0 127.0 66.0 15.0 -86.0
b8 0.922 63.0 239.0 7.0 35.0 -87.0
b8 0.918 335.0 111.0 67.0 16.0 -86.0
b8 0.914 352.0 111.0 65.0 16.0 -86.0
b8 0.911 385.0 112.0 63.0 16.0 -86.0
b8 0.908 143.0 111.0 65.0 16.0 -86.0
b8 0.897 81.0 239.0 67.0 15.0 -87.0
b8 0.892 400.0 112.0 65.0 16.0 -86.0
b8 0.891 162.0 111.0 64.0 16.0 -86.0
b8 0.891 369.0 111.0 64.0 16.0 -86.0
b8 0.880 322.0 127.0 65.0 15.0 -87.0
b8 0.880 177.0 112.0 64.0 16.0 -86.0
b8 0.876 98.0 112.0 65.0 15.0 -87.0
b8 0.867 67.0 239.0 66.0 15.0 -87.0
b8 0.858 99.0 255.0 64.0 16.0 -87.0
b8 0.834 385.0 287.0 64.0 15.0 -87.0
b8 0.833 128.0 287.0 63.0 15.0 -87.0
b8 0.828 191.0 112.0 65.0 16.0 -87.0
b8 0.823 417.0 128.0 62.0 15.0 -87.0
b8 0.821 95.0 111.0 7.0 33.0 -87.0
b8 0.803 370.0 287.0 63.0 15.0 -88.0
b8 0.796 113.0 287.0 64.0 15.0 -87.0
b8 0.788 111.0 143.0 7.0 34.0 -88.0
b8 0.782 404.0 255.0 63.0 15.0 -87.0
b8 0.769 306.0 112.0 64.0 15.0 -87.0
b8 0.766 192.0 97.0 7.0 35.0 -88.0
b8 0.762 433.0 240.0 63.0 16.0 -87.0
b8 0.756 417.0 239.0 63.0 15.0 -87.0
b8 0.724 114.0 239.0 64.0 16.0 -88.0
b8 0.666 319.0 97.0 7.0 34.0 -88.0
b8 0.658 129.0 223.0 63.0 16.0 -88.0
b8 0.656 145.0 207.0 63.0 15.0 -87.0
b8 0.639 449.0 240.0 65.0 16.0 -88.0
b8 0.624 111.0 97.0 7.0 34.0 -87.0
b8 0.612 386.0 239.0 64.0 15.0 -88.0
b8 0.609 79.0 225.0 7.0 35.0 -88.0
b8 0.534 256.0 223.0 30.0 31.0 -87.0
b8 0.505 132.0 100.0 75.0 204.0 -88.0
b8 0.501 339.0 207.0 64.0 15.0 -88.0
