b1 0.505 162.0 175.0 63.0 15.0 -89.0
b8 0.931 127.0 144.0 7.0 34.0 -87.0
b8 0.892 145.0 128.0 32.0 31.0 -86.0
b8 0.891 99.0 254.0 65.0 16.0 -87.0
b8 0.883 400.0 129.0 7.0 35.0 -87.0
b8 0.878 369.0 128.0 63.0 16.0 -86.0
b8 0.875 384.0 128.0 64.0 16.0 -86.0
b8 0.873 129.0 128.0 67.0 15.0 -86.0
b8 0.856 79.0 240.0 7.0 34.0 -87.0
b8 0.841 160.0 127.0 66.0 16.0 -86.0
b8 0.840 353.0 127.0 66.0 16.0 -86.0
b8 0.835 336.0 127.0 67.0 16.0 -86.0
b8 0.835 112.0 240.0 6.0 41.0 -88.0
b8 0.827 115.0 255.0 65.0 16.0 -87.0
b8 0.819 401.0 239.0 62.0 16.0 -87.0
b8 0.817 387.0 270.0 64.0 16.0 -87.0
b8 0.817 178.0 127.0 63.0 15.0 -87.0
b8 0.816 319.0 144.0 7.0 34.0 -87.0
b8 0.803 432.0 240.0 7.0 35.0 -86.0
b8 0.801 114.0 128.0 65.0 15.0 -87.0
b8 0.799 384.0 113.0 7.0 35.0 -87.0
b8 0.798 370.0 270.0 65.0 16.0 -87.0
b8 0.786 320.0 127.0 67.0 15.0 -86.0
b8 0.785 82.0 239.0 67.0 15.0 -87.0
b8 0.776 192.0 128.0 64.0 16.0 -87.0
b8 0.763 111.0 127.0 7.0 33.0 -87.0
b8 0.749 145.0 223.0 64.0 16.0 -88.0
b8 0.738 417.0 257.0 129.0 31.0 -87.0
b8 0.727 128.0 287.0 64.0 15.0 -88.0
b8 0.723 401.0 143.0 62.0 15.0 -88.0
b8 0.707 131.0 239.0 64.0 16.0 -87.0
b8 0.695 307.0 144.0 64.0 15.0 -88.0
b8 0.688 353.0 271.0 66.0 15.0 -88.0
b8 0.678 161.0 208.0 64.0 15.0 -87.0
b8 0.657 384.0 223.0 62.0 16.0 -88.0
b8 0.649 319.0 159.0 7.0 33.0 -89.0
b8 0.648 95.0 224.0 7.0 34.0 -88.0
b8 0.639 207.0 127.0 64.0 16.0 -88.0
b8 0.629 416.0 128.0 64.0 15.0 -88.0
b8 0.626 143.0 273.0 129.0 30.0 -88.0
b8 0.623 106.0 250.0 178.0 91.0 -88.0
b8 0.622 127.0 113.0 7.0 34.0 -87.0
b8 0.608 66.0 241.0 126.0 31.0 -88.0
b8 0.565 352.0 207.0 64.0 16.0 -88.0
b8 0.557 337.0 207.0 64.0 15.0 -88.0
b8 0.556 416.0 223.0 7.0 35.0 -88.0
b8 0.552 448.0 240.0 65.0 15.0 -88.0
