b8 0.976 239.0 399.0 31.0 30.0 -89.0
b8 0.972 239.0 385.0 7.0 35.0 -89.0
b8 0.964 255.0 371.0 16.0 52.0 -88.0
b8 0.962 239.0 426.0 15.0 59.0 -89.0
b8 0.959 255.0 415.0 15.0 60.0 -88.0
b8 0.954 174.0 255.0 64.0 15.0 -88.0
b8 0.942 191.0 284.0 15.0 60.0 -89.0
b8 0.938 192.0 272.0 61.0 15.0 -89.0
b8 0.928 208.0 271.0 61.0 15.0 -89.0
b8 0.912 287.0 146.0 17.0 53.0 -88.0
b8 0.897 240.0 431.0 63.0 15.0 -89.0
b8 0.895 159.0 255.0 62.0 15.0 -88.0
b8 0.883 241.0 111.0 64.0 15.0 -89.0
b8 0.876 287.0 173.0 16.0 61.0 -89.0
b8 0.865 224.0 415.0 62.0 15.0 -89.0
b8 0.858 289.0 127.0 62.0 15.0 -88.0
b8 0.855 190.0 235.0 15.0 60.0 -88.0
b8 0.846 305.0 127.0 62.0 15.0 -89.0
b8 0.845 352.0 126.0 32.0 29.0 -88.0
b8 0.836 321.0 128.0 62.0 15.0 -89.0
b8 0.829 223.0 399.0 7.0 36.0 -89.0
b8 0.820 209.0 293.0 73.0 209.0 -89.0
b8 0.817 271.0 79.0 64.0 16.0 -88.0
b8 0.814 223.0 111.0 62.0 15.0 -88.0
b8 0.808 251.0 213.0 114.0 438.0 -89.0
b8 0.802 223.0 379.0 15.0 58.0 -89.0
b8 0.786 146.0 257.0 133.0 31.0 -89.0
b8 0.776 255.0 253.0 15.0 58.0 -89.0
b8 0.768 238.0 63.0 64.0 15.0 -89.0
b8 0.750 223.0 368.0 7.0 35.0 -90.0
b8 0.743 319.0 123.0 15.0 58.0 -89.0
b8 0.741 335.0 140.0 15.0 57.0 -89.0
b8 0.740 255.0 156.0 15.0 58.0 -89.0
b8 0.740 287.0 206.0 32.0 31.0 -89.0
b8 0.737 336.0 111.0 61.0 16.0 -88.0
b8 0.735 159.0 252.0 15.0 59.0 -88.0
b8 0.725 303.0 156.0 16.0 59.0 -89.0
b8 0.707 159.0 239.0 7.0 39.0 -88.0
b8 0.706 176.0 304.0 131.0 31.0 -89.0
b8 0.704 350.0 108.0 15.0 60.0 -88.0
b8 0.699 211.0 417.0 130.0 32.0 -89.0
b8 0.698 255.0 68.0 75.0 137.0 -89.0
b8 0.674 367.0 143.0 31.0 30.0 -88.0
b8 0.644 208.0 111.0 63.0 15.0 -88.0
b8 0.642 287.0 350.0 31.0 30.0 -89.0
b8 0.606 239.0 351.0 172.0 23.0 -89.0
b8 0.598 222.0 63.0 64.0 15.0 -89.0
b8 0.589 175.0 223.0 7.0 36.0 -88.0
b8 0.587 175.0 316.0 15.0 61.0 -89.0
b8 0.578 159.0 300.0 15.0 60.0 -89.0
b8 0.509 159.0 223.0 31.0 30.0 -88.0
b8 0.507 351.0 94.0 15.0 59.0 -89.0
