b8 0.928 255.0 79.0 30.0 30.0 -88.0
b8 0.901 272.0 80.0 64.0 15.0 -88.0
b8 0.879 174.0 368.0 78.0 13.0 -88.0
b8 0.877 240.0 80.0 66.0 15.0 -88.0
b8 0.804 175.0 395.0 15.0 62.0 -87.0
b8 0.786 319.0 383.0 65.0 15.0 -88.0
b8 0.766 207.0 338.0 17.0 56.0 -87.0
b8 0.765 97.0 335.0 64.0 14.0 -88.0
b8 0.763 210.0 192.0 65.0 15.0 -88.0
b8 0.749 258.0 169.0 75.0 220.0 -88.0
b8 0.747 302.0 177.0 128.0 31.0 -87.0
b8 0.730 273.0 207.0 65.0 15.0 -88.0
b8 0.728 244.0 109.0 71.0 218.0 -88.0
b8 0.728 306.0 335.0 64.0 15.0 -88.0
b8 0.726 263.0 350.0 310.0 54.0 -87.0
b8 0.720 259.0 207.0 66.0 15.0 -87.0
b8 0.699 223.0 95.0 66.0 15.0 -88.0
b8 0.699 194.0 319.0 65.0 15.0 -87.0
b8 0.683 177.0 320.0 64.0 14.0 -87.0
b8 0.675 113.0 351.0 66.0 14.0 -88.0
b8 0.655 240.0 112.0 33.0 30.0 -88.0
b8 0.652 322.0 335.0 63.0 15.0 -88.0
b8 0.640 287.0 207.0 66.0 15.0 -88.0
b8 0.608 162.0 319.0 62.0 15.0 -88.0
b8 0.606 143.0 322.0 127.0 31.0 -88.0
b8 0.603 401.0 335.0 62.0 15.0 -89.0
b8 0.583 177.0 351.0 74.0 224.0 -88.0
b8 0.583 81.0 335.0 64.0 15.0 -88.0
b8 0.569 299.0 383.0 177.0 23.0 -88.0
b8 0.558 161.0 399.0 64.0 15.0 -88.0
b8 0.556 207.0 257.0 74.0 221.0 -87.0
b8 0.555 234.0 194.0 294.0 54.0 -88.0
b8 0.553 354.0 320.0 63.0 15.0 -88.0
b8 0.541 305.0 399.0 65.0 15.0 -88.0
b8 0.541 319.0 191.0 64.0 15.0 -89.0
b8 0.513 208.0 305.0 133.0 31.0 -88.0
b8 0.500 196.0 332.0 397.0 135.0 -88.0
