b8 0.916 303.0 49.0 7.0 35.0 -87.0
b8 0.888 178.0 351.0 64.0 15.0 -88.0
b8 0.870 287.0 80.0 32.0 30.0 -87.0
b8 0.821 243.0 159.0 64.0 16.0 -88.0
b8 0.814 193.0 367.0 63.0 15.0 -88.0
b8 0.793 258.0 159.0 64.0 16.0 -88.0
b8 0.785 400.0 383.0 7.0 34.0 -88.0
b8 0.783 287.0 48.0 31.0 30.0 -87.0
b8 0.718 304.0 47.0 62.0 15.0 -88.0
b8 0.704 148.0 367.0 66.0 16.0 -88.0
b8 0.666 177.0 311.0 75.0 221.0 -89.0
b8 0.633 130.0 255.0 65.0 15.0 -89.0
b8 0.609 305.0 159.0 66.0 16.0 -87.0
b8 0.594 272.0 64.0 32.0 29.0 -88.0
b8 0.569 287.0 70.0 75.0 141.0 -88.0
b8 0.569 257.0 95.0 65.0 15.0 -89.0
b8 0.558 321.0 175.0 67.0 16.0 -87.0
b8 0.548 322.0 47.0 63.0 15.0 -88.0
b8 0.536 160.0 287.0 65.0 15.0 -90.0
